4887
8089
1006
3725
8889
407
7898
1371
2977
9972
9167
1861
9522
6044
9488
7830
7318
952
2145
4462
449
9580
313
9754
5873
3871
8834
5614
8474
2767
5741
6576
978
462
9113
3539
3052
2057
415
5098
7045
3931
734
4123
5351
3361
942
5199
9682
7910
6579
9259
5043
4295
7525
2301
7094
8195
507
2907
348
7805
8124
7012
1070
7332
3075
400
5699
573
3548
3278
5826
897
462
7279
6008
8466
7996
790
8621
5844
1331
6270
3702
5261
6487
7372
4287
2596
5863
5482
682
7418
2097
6082
9739
6464
5559
960
9643
139
397
4138
9934
2460
129
7515
1476
9336
7053
8136
1384
2027
2446
3606
7926
8057
3116
3115
4317
4663
1030
2827
132
775
3143
9934
4876
960
7114
8612
275
626
6267
7304
2054
4244
7573
1661
3842
7757
5464
5034
5570
5041
832
2573
9457
9284
2155
7981
7477
4145
8090
544
2139
5748
7683
5401
1142
7111
9644
2505
4105
8466
5599
8512
6297
6051
6853
7630
9709
4594
8693
2858
4835
1994
7207
5629
9216
9135
3834
3948
3994
3656
45
2322
8066
6522
4597
5225
7909
8254
6766
425
8917
6822
7856
3134
5427
304
9999
2530
4133
922
7481
9619
7068
6202
2156
2836
5403
9909
8756
1212
1330
9453
2581
5038
4124
2819
18
1493
7940
4315
8686
6840
4391
6476
9886
150
7419
1258
5088
2540
4616
4635
8955
1271
7031
972
9892
7075
4147
565
1915
3689
916
5907
8489
5264
6081
2870
2806
8683
7899
1849
7413
6348
1338
3952
9021
6288
3606
9734
8631
521
6437
4904
2636
5761
1492
8279
7705
7826
9395
7267
7473
6582
9474
6093
5742
7637
9064
2126
5334
1359
3553
1083
3937
4044
3212
8692
6800
7746
8669
1006
1412
951
9066
984
3619
4745
993
5780
6651
8230
7881
2405
4912
5774
9158
9561
9520
4838
1121
2290
8855
4161
6373
3364
3185
4104
1677
6374
2188
6747
6425
886
2107
5682
6036
7317
4664
654
7195
4112
866
3025
46
9099
4850
1533
1887
9609
420
5288
9312
8344
8412
7924
227
8506
4412
5651
8994
7668
3842
375
873
9607
3437
8155
9967
9135
1787
6194
4902
7717
6644
7782
6839
3930
5893
2518
739
6436
1931
48
2265
5607
9903
9618
9720
2955
5221
7967
1124
552
6351
4473
5667
1519
476
9747
7813
9524
4132
1445
3712
8250
9932
9357
4936
6776
3609
6775
6753
2983
7440
372
9712
8095
5368
5587
691
2990
7517
2382
1411
4953
1434
759
2101
1227
3304
4588
5789
5211
5672
9156
2805
9652
9579
5984
6501
9869
8014
7916
2364
1964
7467
352
4062
157
5819
4875
8650
8166
2170
2913
111
6905
9868
2690
8501
2134
7335
5895
812
1525
8659
3052
6778
826
4281
9106
8767
9632
1488
7854
1808
1389
1115
6014
5417
5204
286
7837
7252
8924
7636
5027
4926
511
6014
8809
2330
2480
18
5702
6744
4395
4838
5708
3914
266
1207
4413
3390
5567
1768
9713
3250
3918
2129
9994
8109
482
5606
7316
5419
7590
4824
1739
1
3213
8192
5586
4275
7222
3697
1157
4603
8863
2329
1329
6320
1368
4657
3884
945
5892
2545
4105
1358
6522
5843
713
6057
1179
2213
2556
178
4748
525
6922
9834
4351
5489
4734
7879
2414
3934
6969
1304
4003
494
1791
8056
2138
4948
8638
9691
9427
26
4465
734
7867
214
6485
6544
2672
4963
4448
3527
8305
8406
1009
5670
2319
1045
6420
8861
9374
4818
5547
6018
4268
2370
7292
8762
3738
1246
3432
3453
943
2780
7223
5914
9099
7449
9469
171
5932
9759
9155
5235
2247
8278
7960
7945
4877
7834
8971
1033
6327
1476
4152
827
4303
4679
8425
3745
3447
4520
2473
8349
7578
2018
855
9798
1208
8040
9669
8766
8884
3747
1740
9651
1335
7665
966
492
5744
5380
8160
3587
1675
3817
4215
2069
6720
5312
7142
4560
4711
5997
2822
8997
8091
1550
979
7240
4048
8688
734
115
4130
8723
9911
348
6008
4340
6487
3817
8833
3252
7634
2945
665
4551
2834
629
177
4847
1971
9009
9608
5512
1621
4352
2360
8755
8402
3264
8382
3271
874
3198
4477
7126
9772
3593
9767
4840
3962
2299
6452
7832
3599
6669
5488
4135
7370
9553
6874
5144
6544
9854
7959
6082
426
2715
2560
5749
9988
2745
2664
5506
6308
9666
5543
2384
2455
8029
3842
626
6682
8754
890
5809
5519
7524
6034
1492
8223
1380
3125
1427
6391
4136
9957
769
8750
2941
6894
6996
60
2306
7209
8169
6212
2906
1793
6864
7998
3593
501
3518
6896
1041
2305
9562
696
1126
1385
2296
9219
5374
1918
872
1495
5433
2991
3508
4242
126
8827
6561
826
1647
2978
1141
2165
4444
1750
2138
1723
3622
3240
100
7716
223
9786
544
1553
9432
1384
9679
452
8273
5049
1977
4066
6782
3358
451
2239
9860
5454
2902
907
1801
7089
452
5309
213
2772
7474
5592
771
4966
6909
7437
9526
6064
5456
9387
8945
831
7239
5538
6225
6830
9138
9246
4799
988
979
644
6260
8146
2496
3725
7164
8011
9902
5223
1426
4276
5441
8322
3426
2264
4446
9927
6325
9980
5035
4524
9163
2149
6600
7731
7727
7783
1457
1712
515
572
2474
8646
8055
1256
5829
130
2454
3087
859
2101
4028
7535
2938
4587
7444
6171
7267
6898
6676
5051
5551
9824
6632
7199
9480
1826
5995
4105
1640
9595
7295
7084
5333
523
1926
443
9265
7709
6301
6281
6264
8296
4660
1273
8157
8117
4520
387
5342
4257
1308
3297
4643
6380
5463
4966
1555
4384
2154
4939
2296
9659
5512
2117
4707
9222
1550
1259
8924
938
5775
2240
452
9130
8617
5870
6932
7054
7687
7673
123
4539
6315
1488
2903
1643
8869
2706
9834
5407
5839
2298
1293
9969
7050
6008
5571
4888
5723
6556
7754
8039
31
2264
7596
9252
4551
7767
398
3364
4830
3672
9081
5003
7479
5109
6987
3566
2844
6396
4163
7494
8082
9142
4812
4462
3256
3713
6799
3288
7696
5706
7559
4469
7665
8016
5494
466
2880
5402
4406
4607
2070
8099
9453
3509
147
5968
7056
6432
4829
7792
8951
1700
5519
5772
6191
4811
5840
2406
1512
1932
3355
3401
5079
9805
3223
7302
265
2844
2811
9103
5728
56
4026
3812
9068
9948
198
7587
5604
3106
5124
5173
6298
9349
7322
6873
9759
2891
7316
6785
5107
9614
7017
7935
8455
1439
2929
335
8552
4772
4602
8201
5534
3058
469
8086
5867
9009
368
4455
1960
3167
9293
829
5267
2271
4644
8854
6483
6458
6286
9136
2831
5218
6843
5905
2390
2844
9199
6214
7976
3988
779
1574
7071
2756
1844
80
6595
3475
7528
5481
5888
2842
1023
7740
6115
5586
1948
1311
1455
96
9943
4553
9254
3235
1969
8018
6535
575
3515
1384
6325
5961
7316
2743
9077
2239
9000
3666
6024
1754
8076
2537
5228
8960
8217
9923
2006
9084
2398
5418
9702
7801
4883
7666
6652
5669
9800
7285
699
7325
354
9805
2606
7644
8832
4079
7888
9264
6861
1319
6975
7692
5474
611
6657
841
1772
4175
5480
8516
5574
4591
8414
8460
4077
667
4424
6269
7884
9869
552
4137
8051
9470
962
5412
1777
5036
9547
7788
978
8229
4375
9568
1127
9245
5625
4216
6766
9508
9691
9501
9230
1723
4683
3411
9827
2131
4833
2606
1294
4097
5440
3694
6230
82
995
3269
3869
8137
664
9992
3345
5692
8671
7500
3148
1790
1755
2535
7181
999
6755
3215
5036
4321
4922
697
5217
5570
6690
6490
5079
9592
7272
9289
3584
6376
919
5838
1902
9821
6372
2480
8395
2877
8921
2700
3992
3285
2544
9384
147
2771
1255
2196
450
4546
1318
1731
1259
527
5779
8155
5991
9688
5318
1940
7777
7075
3274
9566
2909
2247
5557
9705
4484
1583
3785
8128
8464
9734
3041
4976
8041
814
9771
2906
2702
1252
3642
4661
5503
9484
5150
7516
2684
7241
1179
9872
2860
8932
4141
5069
7943
1788
8396
7400
3489
7122
5171
9860
2855
4480
7500
5022
6176
7845
5793
6246
8057
4306
3215
5280
5810
3676
5024
4352
3384
4058
8422
8198
9633
2709
8832
4528
1071
7590
3924
7665
4049
6020
7589
1192
3347
6542
2463
319
1967
9954
8253
5756
3511
7738
6900
6703
7106
6946
5237
7020
2264
6349
9782
3908
1798
6253
7248
9154
7946
6578
3957
4675
2212
6348
4455
4499
7907
9467
9465
9273
314
9166
10
2687
558
8607
4173
9460
92
8216
4535
56
7408
155
987
3142
1609
5666
3182
4765
832
1173
3146
4375
2656
4345
4009
3007
4088
2015
1947
6353
3460
8618
8376
4908
6035
9633
8352
1293
1647
2044
5512
1978
3890
1923
3557
8265
1246
5543
1028
2969
5438
5717
1066
1808
2020
9636
6750
7946
7689
2759
9907
5805
8600
5203
2364
7520
263
1802
4098
1061
3752
7532
3395
7816
7397
8270
8110
6683
1266
6553
9267
8534
8030
4502
6792
6390
5850
3075
8690
9840
4941
9569
7463
9984
2322
6850
5356
8422
8123
3346
9061
2796
7407
778
9307
5689
9464
1023
1259
7509
8913
27
3650
609
5679
3776
1139
1075
3737
8537
7863
7720
577
8464
9519
431
981
5638
8034
9771
9124
1827
1985
9764
985
5893
6676
2741
622
5337
5364
1193
8894
8774
9235
2613
2314
9714
4997
3496
1343
56
5251
1719
837
4978
919
2802
5010
2478
7399
9786
8169
5815
8185
8998
732
9393
146
1267
4930
2603
8577
6593
5783
9450
1787
984
2572
7203
5043
3733
6397
1866
4486
1520
1305
2844
4643
7175
929
4258
7918
3573
3100
2072
6507
5730
5624
853
1034
2678
8186
4230
1404
2744
7242
495
9727
12
6223
4108
7699
7741
7889
1802
903
1583
4487
2550
1521
628
8817
9166
2064
6496
829
841
9792
3626
6618
381
5710
9277
1827
9152
5413
9352
8648
1271
6638
7242
9249
6587
7832
310
977
4277
9984
5507
6746
4959
2325
5933
5184
8537
7106
9623
2711
4704
2622
789
3811
6662
8869
9042
5647
4703
808
4967
2503
7772
3033
5728
6466
5749
1816
6435
2622
5511
967
2761
1634
5520
2425
3108
7465
1942
1710
4401
4394
4044
6374
2249
5548
4435
1310
6583
5689
2435
9116
462
132
9104
1907
8521
7456
9225
5384
3244
3784
6656
1653
5594
6433
8734
9814
2952
7658
5110
160
9671
721
9815
6289
6085
4187
8691
8783
9735
5932
8549
7213
4498
7167
9810
9351
3340
6145
778
4173
3419
8983
6168
7438
3065
1616
2476
3289
9503
4308
4362
5131
9938
5515
4825
1600
3475
9147
7
1857
4814
1171
4669
5438
7696
3805
1985
3634
966
8575
6280
4525
5839
6447
1924
3409
3971
2542
3045
8049
5193
6293
6803
9839
141
507
3646
8944
4642
9618
5839
5081
4479
1828
9715
4719
4544
7249
8484
222
7106
1896
4911
1521
5066
1639
7785
2376
6089
1796
1444
2623
2718
5266
3151
6180
3557
4407
2284
2591
3274
7089
3390
3020
5986
1810
7897
762
387
3072
3510
3779
681
583
8339
7487
535
4410
6588
9610
8135
7413
2386
9696
8
6960
9063
3929
6802
7717
8071
8877
5289
7518
2832
9348
4430
5061
9340
8371
9662
5663
8736
9400
9768
2018
5357
1356
3119
7549
6040
8006
5972
2921
9271
5736
6260
3904
5751
1320
6759
147
1527
5315
7554
8250
6978
9995
4903
3844
5363
849
3612
2171
6770
5248
8566
6754
6251
3103
6222
7569
3329
7444
6854
1386
8860
1965
7363
5037
4361
5987
6130
2703
4542
4932
3863
4583
2355
208
559
8009
8516
7164
8384
3175
9270
7757
1691
9749
1189
8920
9650
7882
6258
9799
307
5073
1280
262
3162
2637
2017
6379
7873
1348
1544
4703
7580
8976
8809
7172
2158
8997
5386
5583
5603
8733
5250
8516
7161
5863
2462
3442
1644
2612
9761
5232
8830
8720
7465
7026
3939
4674
929
6890
3410
4071
1626
4894
5250
2500
4299
4318
4606
3773
4643
3437
2515
7249
6947
8840
3378
3146
668
6212
4259
4099
8482
4632
9950
4233
162
1916
6948
7042
7086
4154
8167
706
3190
5680
5183
8568
1992
3913
7703
7985
2336
7380
8894
6048
4526
5239
9745
6451
4537
8802
2538
3163
390
3793
2594
7757
7424
241
2380
3044
1110
8694
795
8669
7946
1631
6351
7911
3118
4901
7841
3271
6229
7933
3155
4570
3208
7913
7282
3185
4265
9386
13
6257
3341
3504
6552
3995
7725
4522
5770
1284
3544
5024
6595
9779
7196
7540
1350
6054
4618
5748
1153
1138
5485
1001
1836
6976
4927
6350
6077
9241
2778
9886
4405
114
1859
2755
8260
5478
6711
3649
2622
7864
973
319
9917
4711
9918
5675
6143
504
5344
4947
8518
677
4358
5466
6730
2041
7374
308
801
5621
3853
3323
7810
4754
7054
9379
5891
8373
5179
1128
813
9291
1657
695
2401
8402
9220
1948
8811
8225
6110
7650
9209
3538
5452
5952
6110
2247
5083
6146
1796
1882
9514
7658
8743
965
8584
5326
8342
2909
4709
6745
1224
9151
1931
6092
2956
2671
9621
7372
9535
4859
1675
9421
4911
616
1065
2395
6058
5990
9645
3831
8236
8911
3814
7560
5651
8477
1206
4457
3942
7266
8142
6635
619
4180
2408
1704
8450
1110
6629
1985
3703
9651
2211
8041
2293
5128
5365
4081
7756
53
4729
5180
7831
6262
1657
6957
2426
1600
9252
6644
3122
1979
6383
4074
3871
9330
8557
7697
2129
5864
5873
8336
9677
1070
2814
1600
9952
8807
6171
9630
8217
2773
9888
8458
8588
6253
3292
441
9591
9011
5690
5666
6698
8212
8890
5156
8257
8352
4058
8761
1707
4684
696
3974
4488
495
8430
687
6553
3033
9420
3143
6738
8858
8875
3891
5543
1434
6291
3598
1041
1004
5121
6090
2300
6926
3385
7814
3542
9013
7676
9941
9560
7226
8395
233
9850
1939
4061
8980
8642
1342
130
6043
2289
116
7014
9582
3861
355
3334
4883
9764
3520
3804
1403
8687
9989
6103
2045
6648
3094
633
2902
2089
6631
6043
6341
3051
9951
8041
881
9566
7328
5824
5939
738
5188
4456
8066
567
2974
2953
1449
8261
2849
2885
4167
5872
6036
9141
4878
9966
2971
732
9791
4374
2926
1468
1109
5611
1018
8619
3768
2672
3687
423
4563
6832
5482
3573
7712
9104
9590
3413
9433
5047
370
6745
4871
1718
9233
8834
7682
1118
1741
3186
1695
3227
9059
585
272
9015
8969
423
9980
8687
7139
5426
2673
2437
323
4482
7788
6099
9561
5980
3369
4665
3608
9489
3034
9062
8538
3170
9932
3194
3776
5877
3630
1996
9811
9480
2526
146
3444
5959
5732
133
3814
6846
341
1921
1946
7840
6213
251
9672
8044
7303
3850
5638
9227
2804
1998
8460
4012
1020
7184
8500
7532
6942
3312
8526
7616
6274
1228
9553
796
3073
5288
3480
9966
4412
7934
610
5028
5146
5545
8091
9816
4943
8580
5377
4015
487
9938
9629
5657
8635
642
2813
641
7344
2056
5962
7553
2374
6935
375
791
2746
5998
5134
3839
1263
9456
561
576
5765
936
4969
5909
540
2534
8290
8076
6950
6558
3030
2756
5075
34
9903
4438
727
5136
7482
5303
2089
8492
5924
8528
6638
8026
7164
7206
8686
6408
2568
8825
5318
3419
1706
3497
5553
2286
7235
9454
4377
2573
6676
2625
542
1405
110
6832
3740
6838
6714
1009
6222
5588
6489
1234
9374
6653
8336
3054
2146
1548
7343
3621
3134
8999
3585
6357
2264
5808
8215
9487
7511
7003
1745
3629
1404
2079
8025
6131
1920
8103
422
2111
7915
949
3347
2595
2118
2894
6674
8987
570
1901
9966
713
3282
7624
7993
1157
3991
7534
4220
63
8115
9188
1553
5527
6353
834
2563
9873
4526
2543
1130
7077
8538
7166
5199
7620
4642
7380
3394
7750
8061
9918
4177
1338
8388
8112
5883
6187
3075
5540
5437
682
1367
2444
6744
367
9876
3522
4220
8440
351
5488
6868
3797
5072
3288
8492
1354
5307
310
3387
1071
8006
9000
4437
8475
5474
6848
6390
9487
8358
6505
6196
4322
6316
5558
8534
1523
6904
757
8095
3726
954
6094
9848
7995
6368
8213
7431
749
3300
2440
7370
6942
9777
160
4789
1636
8140
5236
6068
2538
8828
9303
2611
8353
4534
1186
8737
8182
8784
8760
4359
2160
1420
8437
4476
9144
2111
8590
4870
3823
5865
2513
1167
2639
4789
6856
6980
9270
6513
7630
7016
9320
5151
2281
6356
3234
9602
8255
1626
9961
87
4937
6180
7691
4709
1
8990
993
8714
5419
3753
3475
1131
1617
870
6651
5859
7882
872
813
3279
8042
6704
962
8550
7076
2283
7827
3040
7788
9017
9793
7139
9988
7034
1889
9863
5502
9060
1453
6631
7124
9366
4405
6667
7285
2086
4925
4794
4469
2386
79
6973
8073
1528
9851
3299
445
9886
7453
49
7151
2151
1296
2166
6179
2320
3358
8307
4594
5723
453
9371
6890
6828
1266
6016
2029
1912
8227
2813
1209
4035
3384
4906
9747
6410
8667
2443
6097
6297
6081
7216
5257
8472
7104
5993
4737
4069
8862
6589
7179
8803
9489
848
7459
5852
7711
7627
332
7907
3189
9138
8728
5398
8988
8786
8872
7175
1817
7195
8747
4256
5838
2849
1822
9475
9632
3449
4930
459
1526
6491
1389
6280
782
9389
5386
9658
7749
9585
3159
5763
7852
8492
5133
9895
679
2203
147
4901
1389
7639
3079
1228
5733
5455
1740
4112
8857
4485
9662
4319
4027
8984
457
5142
2751
7242
3519
7904
523
2081
9155
790
5337
817
5336
4342
5112
404
8248
5634
9894
3493
1007
6659
356
6049
6307
1795
9269
1649
5931
2750
914
2001
3360
9382
3322
6921
5615
434
8789
1057
9283
9484
1167
7160
9063
7702
802
1658
8242
6846
2589
5740
5657
7116
3830
9844
9454
1917
5833
2069
8991
7795
1452
2143
234
3024
211
9205
5189
7380
1352
5540
2965
4635
769
20
5247
816
8364
9248
947
226
4325
9867
6715
3698
5660
1301
1986
2524
9268
5798
9856
9890
1634
8406
6252
4494
5155
5452
9748
3829
7178
302
5465
9808
7859
1173
2468
9991
9144
9134
5075
947
784
3544
856
7357
2912
5591
5047
4418
3803
616
4462
8988
2088
9021
5890
8285
1484
4966
2198
7675
744
9655
2182
7081
3523
699
5180
7895
3042
473
786
8718
7314
8784
4862
1983
1429
6424
6828
7684
656
1732
8153
4777
9740
3980
3678
8341
7106
1470
8367
7491
7911
4037
7920
2499
5774
7919
1655
53
9556
5267
4685
5557
452
9060
6915
9071
8700
3328
2815
1796
3505
4573
9622
7476
2692
1372
3009
8629
1426
814
1448
4620
7289
163
7960
7687
6658
7506
5936
7155
3820
1986
2309
1102
7400
4596
7510
8030
8761
7685
3603
7134
5405
5259
819
3892
6561
2501
9532
1633
9931
7023
8564
8281
6690
6466
5736
1882
8784
2819
910
1336
5826
238
5364
381
5164
7007
8915
7092
2466
7942
5599
2554
2490
8992
9640
5278
7691
8105
8086
7377
8217
9372
6414
2312
6670
7707
4601
2663
5389
6624
4197
9478
23
9217
2127
8453
600
6848
6710
1904
4243
2472
3570
5484
7973
7761
7582
9629
8842
9465
4815
5703
4384
365
246
8119
9966
4867
812
4927
7183
6999
4746
2727
970
5478
9765
4927
4050
8216
47
5619
6609
7484
3522
777
937
9327
1687
6860
3269
4657
8332
5525
5352
9578
9221
34
2718
2165
3101
6202
3788
6857
9405
2212
1609
5342
7823
1383
4502
8545
8744
1940
7825
8193
6780
8427
848
7046
1947
2986
6767
3660
9599
4409
620
7153
5289
7674
2743
7352
2319
5477
5522
2336
9989
6056
3490
4800
7906
954
7440
4956
5545
833
2677
2919
7128
7723
1422
6311
2350
3871
100
6912
3999
2688
2105
2212
6190
9852
4527
2887
659
5354
9076
797
5982
5050
8958
4274
8521
5014
5196
4028
2910
2163
5995
2202
3490
4928
8275
6416
9574
3862
1234
7564
4266
933
3450
2830
6134
2391
141
9663
34
9632
9366
408
2085
8361
3541
811
9108
4012
4227
191
4600
2368
5326
1374
3584
7722
238
9714
9767
4658
6239
1545
4021
5472
2760
3184
9574
8023
3743
1491
9072
4637
3898
2515
2183
1898
8441
452
7723
1085
75
4247
6018
7380
2636
8184
2319
2845
4625
7082
6870
6464
3783
466
4024
4334
4857
2812
3532
1120
2539
6009
123
7771
9308
8827
8351
326
9331
6077
3033
418
4223
1133
6063
8398
7829
8338
8213
507
6214
6340
5927
5077
5866
2159
9726
2760
1135
5298
4083
4038
2921
4288
5455
549
2923
9724
6042
4787
3298
2926
8055
7315
6351
7173
4023
3009
1976
1250
847
7948
6059
2434
353
5453
9170
1218
8645
6589
5731
8153
7991
6660
2572
5470
4542
6723
4146
4037
7653
3845
7127
9135
1405
7501
9868
4591
5337
2172
5963
9214
7394
7510
969
2631
4668
4572
3695
9137
360
3627
8341
1236
4593
3445
692
4101
2339
813
1932
1930
6487
3349
6635
8972
3917
9527
9474
3565
5218
5153
9014
3304
2257
159
7084
3939
7342
3649
7832
3538
3269
8558
5560
1993
9027
758
9824
7971
2149
7996
5965
5164
5309
5324
4770
9637
5917
998
7263
1482
3795
4884
3119
2383
2069
7832
7152
3880
119
1732
3489
1483
2929
9237
5189
576
6763
6736
2166
7926
4461
9242
2187
6384
7899
4207
4517
7392
8237
6396
1248
8607
8498
2224
4474
6558
8547
5651
2838
1074
2460
9398
8357
4101
6217
6620
3834
7339
9964
4061
7971
6230
3285
7399
5704
3653
8641
3071
5982
1947
419
1384
89
3443
3840
6757
2852
3959
3349
4215
802
9004
2802
7571
7221
3909
3298
1655
9686
7884
9929
3157
7487
7567
3355
2405
7182
4039
569
4196
6829
7343
8599
6958
8838
5012
5165
2159
5046
1501
8139
7380
4482
7706
8219
780
565
589
5982
4024
9659
7556
4411
7531
9035
613
4401
7752
9690
2965
6511
2785
6045
7998
8232
6920
2045
1650
1160
5876
3540
463
5574
5530
4308
5435
8995
37
6299
797
7870
679
5324
6740
2289
2043
8573
4305
5054
788
2354
8435
5295
5228
423
8370
8616
7217
7795
7098
8285
7348
22
9446
2909
4497
2218
1866
3324
8990
5436
8001
1130
1433
7884
4791
8102
4548
5419
2162
8417
9692
7311
2590
76
6162
79
452
9380
1801
9253
4734
1740
6601
3719
863
2485
6082
4612
1937
86
1687
3267
4415
2300
6481
5764
9018
3791
3482
6256
6719
8153
6528
1463
8948
6147
7630
5859
3643
3438
9557
1806
1804
1634
3858
6655
2667
1792
6317
7359
1192
1827
6387
4664
855
2978
2346
122
7272
8084
5078
2351
2719
3326
7397
921
7721
1588
1531
9980
1809
3222
676
7508
1603
7648
8649
2453
2941
3214
8167
7008
9597
5240
8897
5557
1210
1670
6949
5599
960
9606
8361
2458
4078
982
4938
2899
2157
9472
5277
5452
37
4252
1784
7252
2782
9963
9684
521
1740
1151
840
9297
7601
7375
6619
2171
3317
2095
5331
8435
2890
2365
6720
2508
6042
5108
6161
13
9061
1302
3132
5678
5969
6953
8586
6691
430
9548
5084
7547
9075
4846
9934
8
9366
2375
2849
3433
5054
9029
1772
451
7864
2335
2674
8288
8548
4081
6144
5858
2817
4594
1141
1535
8847
2547
9424
5555
2725
7923
7071
1312
7856
1137
6367
9337
8019
1092
6265
5738
2809
7514
1757
2016
3767
8821
2022
5083
1507
7301
9945
4786
6473
3133
2632
9452
6688
2067
1331
5176
6085
9232
9456
8365
2645
2731
6795
2793
7018
4014
7705
6693
5386
1790
1232
8107
8604
8478
9036
2725
173
277
1587
4160
4300
9682
1176
7244
1305
6254
8737
8835
4520
3513
1691
7791
9849
388
1381
4850
7972
4783
3197
9869
2838
6366
2668
367
8765
1851
9639
4010
2698
6929
224
2057
7614
8474
1904
3010
8836
8247
7211
3591
394
6125
2754
2958
8041
1353
9536
3798
1611
172
9953
7108
8323
847
7745
7006
613
6556
6732
293
6839
3894
2014
5671
9398
3387
2150
749
9335
8189
7729
27
811
1543
3794
4093
5009
4074
3447
9961
1421
5757
3052
301
7438
5595
7415
6125
2928
2571
3965
9912
3555
6640
7520
9890
123
1728
3554
7291
7466
6772
6146
9777
6557
8626
3742
843
9594
1958
4315
6904
3012
1883
8452
6659
8017
3060
5776
1225
1492
9859
9550
5292
9249
8240
915
8359
6357
5537
434
3636
7100
4766
6615
7774
6477
3237
7452
5969
3790
5652
5208
9698
5528
8094
4220
9416
4910
4145
5177
2986
3814
7910
4033
6497
872
3297
5511
8828
6092
851
4380
1651
4085
4905
4362
7602
1209
9145
5639
2579
5310
6132
3940
1627
3648
9828
765
4259
7586
7709
5512
6134
6496
3021
2655
5750
4529
7626
6147
1995
2573
2857
7113
3130
3597
4222
3172
7632
803
3388
7765
8516
1094
5381
8378
2329
438
462
7988
8372
4510
4309
2786
8385
5497
7188
569
8304
7578
7361
4579
3182
7767
3863
1312
4061
9010
5524
270
9363
3717
672
5114
5619
8070
1640
614
9246
9508
9354
9132
7638
8484
6601
2261
1475
1367
9978
6339
5645
155
8150
3372
614
3170
8426
8977
8404
4868
1501
4377
9051
6560
9707
6434
8010
186
4792
6093
32
6085
2683
9755
2694
7727
4195
124
602
1718
8607
8404
1648
7140
4894
2681
8368
483
184
9423
6549
6612
6584
9759
1987
4445
732
3807
6209
1698
9666
214
476
1888
5355
298
8182
5367
1480
3459
3160
986
1020
9879
8322
2011
3815
1071
5634
7014
4256
7741
6312
430
1661
8697
4696
8682
2229
1119
1449
9132
286
9949
3667
9354
6903
8664
2332
476
2821
7550
5257
2042
7249
2260
5521
725
1792
164
282
8098
4256
5850
1068
3401
3393
8414
7778
364
1201
9475
3168
7355
4396
1191
3306
6051
5465
927
937
2761
3628
5200
1481
4216
9051
5441
9908
657
3691
2806
7119
7986
3312
5663
4924
3911
3868
702
8380
5596
938
8915
9021
8176
8126
5989
3196
9523
3044
5403
2347
9507
6302
447
7480
9880
5506
7852
8875
9219
4446
3167
5784
7930
7666
3976
1512
2568
4851
3229
7711
1207
6187
834
8020
1120
5362
1627
5590
1915
1029
6901
2283
685
342
6087
4021
4586
3847
7521
2323
7032
3559
2990
4344
9930
2638
809
2655
2993
3728
4891
5094
4148
5747
6085
3577
9566
1670
6556
6901
4914
4822
6930
7230
6951
5998
5866
5323
4713
182
6287
6369
3753
8030
8079
2586
5467
4487
5383
4146
647
3227
951
3903
7757
1380
4736
8878
6467
6179
3775
667
4231
3245
7831
3783
4954
3766
9615
9938
6942
1127
4597
9242
9233
1987
3639
2686
7701
2180
9894
2620
5270
2864
9449
2903
1307
796
9686
7472
2573
8140
3645
2292
8960
3106
99
6276
2458
1347
4631
9096
305
3891
8308
2879
6976
8219
2073
5384
550
9887
9334
7118
4839
47
3933
157
8429
4395
752
3819
1399
2488
6926
8336
3841
7388
8255
6630
9058
1816
6562
5439
7955
6990
8605
7826
2672
2368
4047
4735
7007
9992
8089
9430
9768
5330
2243
7175
300
6875
6096
4189
7023
5446
8551
8077
583
1478
4738
6175
3762
9494
2434
1831
2165
3297
7862
1183
9239
6652
8038
1595
1817
3990
6532
785
1449
6404
8958
3598
1152
1654
7276
58
8409
4141
2675
1223
9878
5505
2047
2234
3931
4558
2703
7412
8652
8289
2502
82
7551
3539
9395
9620
6128
5429
8903
5628
2952
876
6189
2389
1361
1947
7754
8127
4809
8253
2258
5826
2597
3754
5570
2025
6863
7821
5331
4814
3066
9746
3202
5176
6870
636
2612
6287
5391
6222
3369
7243
2458
6640
2712
2063
8754
3886
3013
3875
607
2565
9805
8095
6995
295
4413
2470
1814
723
1743
4094
7107
6998
1661
1520
7549
2167
8708
1774
42
7297
8715
713
314
6526
4024
8642
1067
4824
2137
5679
2468
1664
9454
533
869
1267
8194
5038
4488
4924
6617
7009
7098
3059
5769
9142
5627
2681
8538
7039
6795
8807
9797
7560
6426
842
9672
2283
34
8154
8670
1203
2329
8612
6456
365
2342
7527
8960
6618
8570
6282
3232
5326
1428
186
6281
5440
7097
7761
6406
4922
4442
1903
9568
3913
3153
163
8639
1539
5659
9316
4643
3697
8218
2274
5016
5726
6615
973
7534
8567
933
6068
5625
7531
6399
2363
5427
950
4066
7305
8773
5506
4711
2938
9542
6504
4004
1149
1683
5722
8275
5151
8466
8691
9800
4177
111
963
7577
2269
5512
1780
7668
7559
8205
9854
2687
1504
1545
4350
5135
1225
9897
8616
8395
7813
9683
3719
5815
5973
1283
3397
4397
7254
5043
1718
9774
2580
3942
9742
296
4614
2615
8946
1973
3564
2701
4216
5842
3872
9238
1964
7305
2211
2379
7221
1055
8495
4464
1763
1083
9680
3874
5293
5117
7099
677
3433
9480
4734
5953
5621
4775
5525
905
3164
8115
2241
5798
8473
1127
4366
2177
1287
272
3825
5523
8858
5028
1216
481
155
1186
1271
7985
2509
4264
1120
125
5999
2557
3587
7239
4460
9980
4265
3672
9468
3763
2495
2201
1129
8336
788
1141
6067
2316
3300
1972
5129
5479
7854
8943
6990
1245
9116
7344
5364
4399
28
9107
496
5880
1171
2379
5376
8129
6581
8611
9932
5121
5026
5971
7867
5973
5956
1656
8370
9322
1319
9282
5492
7766
5185
9535
695
463
8056
468
5354
728
5653
5440
8531
9794
2282
5364
1525
647
9583
4894
5036
3388
8605
7345
3851
3734
6820
4171
521
7635
4461
1569
9600
9498
2468
7857
2355
3060
3561
3385
3206
4700
5553
6779
384
8516
2455
3832
1291
3323
1635
1421
6444
7828
2346
5424
5899
2810
1471
2
9648
7471
3157
4988
3098
6218
1756
9639
7534
2261
1769
3291
2713
8217
8334
2489
8969
2800
5873
713
9584
9960
9297
5797
6023
144
8080
5146
3062
8397
9007
2650
4677
6657
3862
2730
5626
4525
2993
7193
5665
2989
294
6198
6109
3077
1350
139
8065
9127
9502
7322
2487
5230
4878
5688
2027
6589
6034
2428
8481
6268
344
7591
4296
1754
8460
4699
8566
3564
9426
9212
6224
9297
3806
7888
3883
3033
9984
7161
2589
7012
7524
5791
1084
7334
8091
9249
8191
9633
1374
4587
9964
7019
2535
5206
5932
8551
1249
4247
1797
5861
155
1850
5784
6481
2876
5785
6827
7867
7474
8169
2738
6778
2989
2604
4506
5981
2215
4834
2255
7534
1396
5325
4983
6902
7237
2030
3527
9413
5490
1138
9916
1669
1904
4272
2464
850
5982
8885
860
9352
1382
6943
6224
8746
2061
8588
2356
7426
1215
5666
4234
8191
8651
8438
4447
5869
7092
8061
4818
8558
5383
8889
5476
1743
8726
8415
5640
668
672
8186
8742
3579
8170
5288
2619
3338
4859
8839
5775
1543
1863
5370
6320
569
5533
1838
4881
784
4046
1552
2884
4264
2201
2242
4141
6667
1484
7530
478
3057
5117
2747
5541
5783
8125
8527
5864
1243
3677
2743
8624
4415
8620
4429
2154
1397
8624
4303
6551
7724
8542
1321
8152
6365
8161
577
135
7372
9344
9598
8410
8095
991
6397
3951
4160
3035
6171
7616
1705
7875
2246
8186
107
7917
6551
2494
604
8416
5229
8300
3201
3351
9184
3188
118
9034
8916
5054
1050
7921
73
2243
6694
380
8839
3457
8746
7949
3745
1163
7752
7269
9377
3648
1430
19
1654
5925
1599
6218
6705
9150
4967
4621
8782
1420
3269
7971
2317
1295
9067
6718
532
8892
3486
9842
6974
3218
6931
1958
5793
1018
3364
9740
2537
1091
2617
7751
5569
8268
2614
2733
8928
9379
5447
402
2261
4683
7930
4620
3406
9537
6518
5094
3484
4878
2104
4895
4288
7175
8722
2392
3277
8998
7043
5071
1239
728
8067
4984
5936
1177
195
2860
9333
6315
5533
5456
7720
2597
3167
4851
3732
2985
6275
3236
2130
895
5103
800
3225
2939
1068
4918
6314
9899
2072
8901
7753
4549
6174
6577
7944
5554
5669
8165
9514
5585
9846
7255
8617
7876
2740
1294
7345
9927
2137
1456
1710
4599
9245
5573
9283
9537
5661
1055
9193
5778
4379
5176
6466
1128
7646
1664
7035
8997
2329
1551
2517
7117
2093
6044
1355
6726
9763
7749
6467
5792
6908
3418
9644
8855
1758
930
6149
9765
929
1353
4088
9030
1901
7541
1082
4573
4534
688
6148
1562
7788
3736
9199
7142
5184
3316
1753
5766
9738
700
1499
371
3833
1129
5665
4900
1181
6827
9933
4043
7272
1867
6865
7803
1119
8684
3704
5319
3576
5081
725
920
8091
821
5049
5902
4316
3489
2380
8661
5177
7890
1845
7359
2806
9819
9929
513
9754
8955
1211
7721
2101
9694
4267
329
4475
1942
9411
2407
2176
6984
4377
2904
686
3526
2526
9800
7056
444
2315
388
5606
3511
8941
3781
779
7600
8960
9613
8234
4935
9307
6124
3995
1469
9462
3310
2804
1811
1152
7979
6730
428
7785
2907
3925
7412
7307
982
6809
1328
4152
2317
504
9791
6100
4286
8359
6293
9239
9957
6901
5510
4652
7290
502
2038
1279
7111
2563
2117
1498
7058
1358
8830
4141
6078
4761
5049
6855
5886
587
7546
9088
2925
5512
7370
7109
4299
116
4910
5689
2621
3583
8582
4178
8251
4165
6568
5806
882
9602
6057
5093
1534
744
4922
4867
6813
8435
1449
55
5124
7942
6210
5041
6107
257
1241
7822
9911
4824
7723
3238
7777
478
9547
9378
6739
1689
6041
2166
2581
1795
5982
4387
2118
6540
6014
2973
9652
5859
5353
5756
9878
4996
8828
4589
8764
7603
2757
8126
9606
6304
7459
2992
7400
9612
8360
7267
7845
5740
4694
770
8267
9701
1605
7512
8401
3717
4738
8698
3489
8672
9370
5924
963
4246
6556
8026
3796
391
6163
8736
8604
2303
2166
7728
8178
6291
4904
6260
657
2705
4233
7126
6969
8884
1690
7724
5381
7714
6745
2398
6759
4486
4568
2621
785
157
7318
963
1409
1456
4315
7645
1042
3791
847
2960
743
6124
7077
8307
8568
3463
8318
1403
3378
7420
7087
6564
9617
954
7883
7888
8769
4
5380
9561
3089
8180
793
8863
330
3712
5793
5408
1847
427
6878
1694
9505
7215
4428
6785
242
8339
3662
8050
2600
4800
3202
1947
3326
9399
6382
7832
8881
235
6401
1240
9451
1469
7479
5186
612
8905
320
9387
6901
938
2175
916
8132
4188
3128
1284
9071
9968
251
6094
8166
4916
5226
7434
5722
350
1144
8211
1399
2719
6139
6420
7780
9298
3750
5544
3521
2210
681
8067
2462
1931
1841
1237
6263
2063
1861
2273
8375
4800
3483
2222
3034
1340
6757
8663
8721
1547
1985
3369
8158
1997
6344
3120
420
165
5728
7366
6830
5299
6067
4139
8971
8355
4519
8300
5631
6862
6410
9603
4037
1569
867
6119
2510
6335
8728
6836
1563
2321
9838
3191
5444
9546
9129
7687
8143
5272
3420
7736
4699
5337
5983
3639
5990
5042
1877
8088
6755
1260
2810
1281
9372
5612
5602
3902
4819
569
1773
3490
8545
4574
2607
3140
2882
5248
3246
7168
4806
203
332
4763
6395
7007
6418
3078
1490
1153
2917
4135
6216
979
4353
6761
3962
9537
2537
3481
8130
5734
6037
2804
2972
4384
3647
6501
4255
114
6425
7829
9698
9755
879
4046
3577
8208
9112
1386
9176
3048
4254
7852
7614
7277
6675
2475
8236
6351
6808
8570
8392
5961
6983
8674
6260
3018
9121
2657
9223
767
8984
7359
5428
7993
5149
3178
2387
1444
4381
3528
1273
7926
63
32
2597
52
7688
346
8834
966
8947
3713
4117
9003
6903
9036
8996
7896
4068
2853
1197
3297
7825
4653
3182
9373
1930
6779
7442
4045
8949
1921
6584
6613
2113
3511
9863
8060
1833
8063
1941
2632
6377
2389
6544
2455
6567
7847
4848
2118
8741
4294
3292
1365
7645
9282
7135
5881
4599
9890
5631
1047
7338
219
6551
9068
833
7977
4635
5126
3020
3875
6685
5436
8011
2053
5532
6828
9852
7415
805
2269
1748
4838
5928
4256
1102
4775
8473
5465
6051
9995
9332
1462
5871
1565
8581
2871
4466
5173
9549
42
6374
3933
608
9680
2805
4835
5258
9269
6667
1528
9472
6192
107
1174
849
7698
8944
2362
1012
8716
2918
7677
9413
7347
4297
1100
6422
3709
2684
6349
3323
3166
1070
592
305
549
1784
7602
3474
5810
8694
4190
4855
3589
8873
4224
7358
6
2813
8844
3687
1326
7161
4954
8794
6467
5824
4155
4024
8160
5099
6437
5164
1870
2874
6109
8014
2345
520
953
1495
2149
180
113
4175
1811
8437
4672
3362
1357
9772
1442
9715
9282
18
1154
7513
933
2712
4938
7282
2181
243
9411
983
1132
9964
6844
4396
2932
1907
3808
4080
3016
7250
6871
4917
3056
7518
8722
3010
727
6483
7653
2479
6726
9321
5360
8775
2309
1705
2379
3264
5324
2290
5558
769
442
8139
9588
2447
3684
317
4210
8100
5608
3065
5501
683
3851
9662
3357
700
998
8093
183
9883
4656
5763
4370
6617
2794
4103
8552
5743
7291
9364
3954
9227
3680
8488
931
7009
5099
4160
5855
2431
4396
8238
8232
1093
1193
1771
5172
3849
4947
944
1279
5764
5182
9956
6815
4018
6219
7576
3
9035
3590
8323
3583
5889
824
4575
6870
8438
5806
1863
4525
8627
3960
9023
9735
6670
658
3645
5225
4922
6715
2197
1646
4327
5909
844
8551
9367
3100
61
8888
1378
4993
5320
5695
5481
8243
8267
1801
2527
9341
8519
3523
486
2398
7175
5912
167
8022
9960
8311
625
1912
3448
7279
1449
1218
3093
4540
1517
7767
3750
2666
6135
8379
6721
6572
6967
9924
790
537
9444
5361
3593
8872
200
470
4039
5244
1098
6904
1505
7703
6319
1542
4843
5490
692
3980
2446
7783
1371
184
6707
6671
1
2476
9108
8827
9562
655
6439
7529
7550
733
2888
3823
3808
7870
1616
2161
2327
8605
5264
8561
2022
6738
6282
6022
2474
2702
1259
6527
7220
4559
5116
3744
6199
3991
8316
8437
5145
1051
1079
8830
3347
3785
7434
7006
8474
7933
6924
9798
1489
9317
8886
234
7085
6855
5121
2430
4867
70
3819
3218
5882
8791
1418
8238
8380
8213
9039
6108
4423
8757
2959
1459
791
9214
4736
4893
4243
3269
1744
4116
4074
3377
7642
7483
9370
7609
9410
32
707
3252
1077
7563
7431
4884
160
2515
3236
8569
2067
3580
4932
7672
6114
9696
5836
5306
3288
2228
95
5488
9028
5000
8608
163
81
6968
2103
9597
8004
4803
6207
4273
7469
9096
8257
4240
7737
1141
1629
6051
3481
6920
1867
4609
5786
8017
5869
5167
428
1599
9772
3386
8920
8823
8230
2415
7004
2144
9363
7420
3829
2734
4373
5194
4028
995
1236
7892
1824
3951
8634
814
4509
7474
5975
511
5056
1319
2944
3045
3119
3129
4211
3165
405
4408
1220
5751
510
2782
5891
5308
1837
2316
8342
8888
9113
2077
1034
1578
9185
6070
2061
9779
7415
4079
7834
4907
3629
4881
7347
2726
8533
963
574
3529
4282
7831
4547
9662
2869
4425
7241
5489
4550
9127
6215
2468
6902
8090
4113
4174
5604
5879
5458
8706
3474
1269
8849
6499
3887
1751
5131
1567
8067
4290
9142
7466
6239
3412
1477
5993
1201
1187
291
7053
6856
6826
4828
201
3548
4395
7467
428
9818
4472
5657
4458
1090
5847
2914
9098
5730
3269
3272
3925
9257
6204
83
1713
7826
2609
2049
1269
2053
2796
1245
6305
286
533
8500
7793
3798
1247
5274
3469
300
3151
9540
3596
9790
5964
7187
9723
5050
9277
812
2472
1572
3259
2826
2824
9753
7240
2131
9848
6628
1204
5350
1771
7171
8344
1693
8614
8488
8463
4630
2432
9793
2452
8824
7893
9974
36
3689
670
3813
6619
1820
5969
6393
4857
9778
4202
4583
2907
9809
4930
10000
7049
7839
3287
5429
8331
841
5120
259
5503
9719
6540
621
3239
7476
3153
6435
8996
7928
2243
8263
5572
7712
4760
1161
7146
2682
7054
1644
7654
620
6799
4055
9042
6720
2141
5546
9413
398
6265
1064
1544
2100
398
2524
7034
3016
4683
3711
8899
3932
5003
6941
2301
2562
4218
2107
3926
8934
8086
89
8580
3991
9570
9126
3495
2590
3312
641
5174
8078
6883
7215
260
5038
5216
6431
4419
1334
3183
5692
1263
1023
1195
1360
1578
86
1674
5684
6033
7103
1799
5106
2577
2248
3433
5056
8689
6876
1123
7673
8667
5287
3921
2761
5735
1197
2464
8562
2554
6371
2371
9519
8322
1238
3321
5213
4026
4140
5884
9148
269
7452
2699
7828
9643
3988
7640
476
6337
5927
1735
6122
309
539
6801
4013
1786
867
9045
8110
203
3431
1230
2890
2875
5248
2236
3378
1743
829
7171
1023
7662
5342
2030
1611
6845
4822
6614
2816
8803
7932
4527
8946
1368
5513
94
440
2044
5602
6416
4678
8002
2005
9574
7957
6522
774
6641
221
3024
26
6762
442
6619
9269
5371
9184
4997
7317
2601
7780
2651
5410
2290
3339
3471
5327
6243
6715
4942
1192
5041
3422
4769
6191
1870
7907
891
908
3620
2379
5619
8784
9698
5928
4988
8390
608
5772
2185
675
3210
6209
6889
8769
673
5828
6347
8245
9259
1223
3774
6025
7665
3256
4447
4636
3468
8850
529
9229
4217
8365
3310
7379
365
7519
7440
7616
7904
6985
315
5147
9007
4692
9652
4285
5647
2906
4298
3057
3424
6749
7966
1028
8298
1100
9286
2826
7484
273
9112
4703
2192
9026
5623
1144
210
8774
1430
6586
477
3545
8432
6299
4262
4800
4208
6745
6597
3936
8929
5123
8816
9095
4756
4222
1492
9231
6302
391
3280
6950
5926
2716
8284
3265
2893
2601
3815
5221
4341
6528
5335
1560
4157
7461
3088
624
4402
8797
8437
3327
5317
8301
8878
7685
2951
1855
8527
8308
1005
4575
8535
249
2403
6126
4537
6003
1798
539
8509
6656
6063
6905
1937
9546
9533
3316
9798
6151
4913
5053
5705
7494
7592
4466
6207
8126
7600
5530
444
7878
9404
450
4336
3474
8477
1633
675
5528
4766
4599
5125
6530
7497
3857
6829
6964
5069
2715
995
7483
2674
8977
9514
1159
7180
719
2566
5538
8202
3613
7383
45
4810
4322
5712
3017
7294
1253
8815
973
1337
3319
4522
4775
8211
1451
6651
9035
2825
4455
3869
9031
9920
4305
9396
2574
9009
3940
470
330
9982
6393
4344
7308
6020
4968
4477
2551
9728
9742
555
138
2684
7090
7821
6223
4838
4305
9418
8045
8251
3851
3228
1083
7261
2479
5399
8162
6285
3031
3308
1243
8285
7759
4414
1558
9255
5679
8422
1391
4223
5539
4860
9448
479
2134
8251
1578
211
6131
4455
1234
5910
4367
9206
7256
6281
1201
2934
9285
77
6248
592
4391
6167
8294
9921
2197
7218
228
5055
699
9717
3464
3169
9043
9880
1955
3315
3038
2931
8548
1293
9547
204
2474
3602
2739
8743
6389
1557
5778
7866
470
7722
5065
5729
1726
8616
4439
9076
9747
8013
5474
4758
6671
6437
6849
8853
5656
3437
1116
175
2299
9181
1973
1299
3217
6468
12
9479
4923
610
7600
5098
6108
9158
5827
6093
5806
2337
8491
8461
8231
1144
2658
8414
2379
2160
1687
6157
8552
4653
560
9787
3955
2413
5771
2156
7047
4607
8978
9685
7821
2530
859
6491
8184
2479
6890
8577
6353
2568
966
3122
6398
3797
2458
1362
8135
4732
3810
572
5152
301
2102
1198
7319
2750
3076
7755
3226
8065
7925
3757
5289
1615
3303
3069
5631
3551
5891
1607
8387
5479
6585
6012
2932
1162
2854
5634
1752
6273
9546
2954
3576
4753
9442
1118
8077
2566
1384
9119
6169
2449
659
3760
4016
7106
191
2788
5148
7884
6764
5247
290
5215
4287
7401
3491
4179
1359
4169
7748
6726
7408
8284
7806
376
4658
8143
4067
7663
9187
9545
3494
7163
4286
1730
6797
49
7710
499
1694
8524
8788
4690
1373
8484
8321
5929
8965
4201
9898
7492
9085
3617
9041
5837
608
9091
4920
6708
3562
1768
8715
5743
8017
9719
9783
7784
2022
1856
9136
1685
1160
7949
2035
9275
5726
1603
8595
6562
3357
756
9170
1628
7088
8318
8619
5608
4364
1975
1477
4599
362
2646
3572
6445
7804
2400
8763
4301
5316
3905
1524
1104
5621
455
5574
8440
864
9375
7719
9552
8356
5342
1288
599
8457
7654
9178
5479
7984
597
9696
4065
3266
7456
5902
5661
8616
9449
1678
5919
4157
4819
8700
9438
7094
4693
2782
2597
6446
3940
2363
3620
775
8305
2681
4913
1104
3277
6265
7599
2954
2787
413
216
4673
8905
6255
8886
8261
1853
744
6563
3243
1130
2778
2797
6092
6205
2483
6098
3406
383
8324
329
1073
1629
1242
2107
8195
8668
3969
8057
6724
9876
5005
1178
878
3157
6280
5931
4106
7804
3698
3530
9029
9363
7591
5325
5337
6093
9058
8743
2718
739
5176
4854
268
3009
6444
4489
3497
7922
420
3722
830
732
6629
7108
6034
6195
1943
7235
4328
3848
5612
7356
1894
8929
3904
9423
8159
7345
6706
9991
240
2249
7248
176
3042
4228
1980
231
5923
5435
2365
6655
2568
848
919
2693
2031
3757
2346
9794
1121
9206
7617
1915
491
805
5753
4882
8348
8974
5514
2205
7405
7228
3485
5256
96
488
665
1718
3788
4367
309
2592
4966
1764
4001
598
3382
1052
3298
112
682
1197
1133
1429
8842
1232
1537
2149
56
5726
4404
1126
1468
4385
1314
1517
4133
8281
1249
2324
6190
7992
7256
2170
4664
892
5006
2712
8
8558
445
2469
4888
6622
9885
3602
9008
8313
6772
9370
5535
1743
3755
246
6628
7809
6580
1791
658
7228
4820
8729
6197
5780
3558
2720
4287
7054
7469
9239
973
4391
6790
7445
5021
2660
7965
5875
6189
7168
1660
291
8641
5395
9024
6365
6690
2755
8828
7592
6836
7796
2977
7292
2922
4314
6370
813
3138
6162
7376
5255
5273
2102
111
336
6580
1733
7219
6058
6253
4768
4087
7580
75
6035
7808
215
8009
1917
3330
9650
7113
2761
8996
1383
514
1388
946
297
3139
4214
2671
4368
6089
9327
3967
7060
9260
3295
7891
6957
1987
4519
76
5144
3928
7328
4618
6846
6711
4891
9637
2066
7387
4167
8514
455
4318
4633
3692
4491
4457
9753
2696
4647
5489
3901
1371
989
9653
5283
2343
3230
8320
7275
9941
8589
3194
5551
4864
1881
9082
5513
8739
8556
9086
2532
2206
2022
8644
6820
4350
779
2549
1748
2071
9570
8426
6007
224
2291
6069
3235
9633
4509
5841
9158
8966
9553
7939
2790
8830
6849
5324
9305
2399
6843
7952
3922
9820
9145
8196
1033
725
4571
8257
3681
681
8138
2594
7215
4490
2565
9855
3916
4014
8824
4040
7199
9273
6294
3053
8655
7313
7448
7690
9463
3044
8163
6832
7976
6244
7684
8587
6056
3322
9133
6644
2143
9377
9772
9732
7022
9697
998
3377
8653
7829
3026
9971
7299
2742
3887
3584
6772
7588
9621
7020
4030
3337
8816
55
6244
7414
4223
3324
4956
1794
2912
3865
4612
7822
4360
2277
1170
4615
9577
8901
6952
6923
6542
9098
3237
5810
1683
7050
2549
399
1489
770
4859
2454
5131
3306
2228
324
7718
129
1449
8287
3031
4777
4008
6279
5314
4873
6655
2249
3039
1399
105
2144
9158
4428
9147
9888
1615
3735
1334
6951
4861
2831
7865
3915
4925
5770
8380
1268
6847
7683
4613
5466
4116
6851
5908
1921
3960
9356
4989
3914
2402
3211
9435
1698
9878
9950
9971
8635
2525
676
4462
4829
4258
4138
4973
7975
5292
1055
7488
1317
1415
6407
4315
4708
1256
8901
2131
116
5173
1007
1741
3837
8029
6373
2473
2536
3570
365
813
5374
9229
5118
2940
5270
7684
3159
2867
5418
4396
7299
5866
4235
7752
3385
5316
2775
1218
7659
9529
6499
5686
7339
6531
1733
1823
7481
6218
8293
208
6028
6789
4037
4450
3096
5569
5338
7836
7905
3767
9384
7843
8207
927
6834
7734
7935
40
6712
7472
2764
997
1964
6240
499
1463
6989
489
4319
1959
6538
4085
8998
6543
4012
3369
8076
9534
985
3996
7126
4748
9997
5333
2349
6596
9126
288
3962
416
8747
984
6804
8109
1192
5996
5365
173
5878
1422
3326
3917
7209
3802
2854
8554
4433
243
3905
7929
7912
7734
1647
4208
2822
8456
7251
4826
2023
6815
2736
6198
1935
7077
407
305
5586
9607
287
662
7368
2212
9056
3709
1117
441
4251
8964
1065
7758
6999
1756
1697
7138
7681
4420
6646
8673
2346
3923
1865
2937
8718
5251
2315
5660
6930
9455
546
70
831
5532
4584
5450
2434
807
8536
5646
6505
5071
6901
4842
6822
5230
7217
3150
46
8540
3434
658
443
3214
2573
9987
6980
5224
4667
2894
1799
5896
8101
3301
4011
9377
220
8009
4759
257
3681
7719
7735
1955
3323
7257
4806
4057
2678
9462
9246
3189
9311
2162
5929
729
9975
9298
3213
8973
6232
903
8599
9791
4607
4558
8488
2706
8690
7923
8957
569
6931
4384
7436
8948
9780
6256
5027
8367
778
4269
5663
8125
1702
1653
1756
9603
909
4447
5811
6247
2421
6980
8920
5056
9382
9283
538
5969
4265
8846
9187
8023
3901
3552
6884
220
4462
3955
9863
5144
2600
6816
5752
5776
8444
6722
1580
4823
8789
3779
7140
3486
1372
2144
2138
5157
9315
6136
2943
6666
6899
5883
7709
4052
9303
6479
3707
265
7331
2367
8045
3308
9552
9601
2654
7246
5276
3428
219
7422
8748
6498
32
5807
9666
7161
4735
4014
7632
3331
1554
7486
8555
8468
5942
4125
7738
3195
6907
733
6103
3188
891
6718
4043
9799
7263
9011
326
7876
7709
5948
4911
2123
3580
5835
3698
9340
6678
1451
2820
3953
2367
2073
820
9385
6033
5392
5381
9553
1852
4100
9340
7753
9272
1886
6614
9458
9903
7746
346
1220
7620
5950
6986
1957
1651
5779
3634
4506
1057
7947
4062
2988
5641
1240
2964
5002
709
3492
9203
940
5839
6869
824
7558
2962
4161
8799
1546
7017
152
1686
3504
3965
8717
845
5449
8837
5911
8762
1573
765
2031
9936
9572
8385
1540
4414
960
1025
1382
5641
8506
8204
6451
8095
3619
125
48
406
3876
410
2014
6602
5903
9529
8759
1501
1990
6367
7345
5720
8246
6665
6182
6634
6010
1121
6792
7256
2711
4831
9737
2726
8912
6921
8275
9983
5362
3650
7408
8665
4087
7738
6067
5189
7924
9738
2830
6187
1940
1337
1903
1371
3851
3385
7336
7984
5250
715
694
6943
6617
8418
1913
6013
3852
2223
417
7662
8357
5734
9428
3538
7048
4801
6710
9269
8016
425
7767
7620
4964
5311
8153
3763
443
6232
3712
8220
8263
6043
5529
2149
371
2799
3508
81
4706
2603
9570
7154
763
5793
6419
8868
4652
3207
2745
9152
4774
1844
6201
2757
283
1907
2053
4924
2784
8918
6560
180
8263
2227
726
7097
9763
4264
944
7220
1143
8167
3375
8212
7157
2544
9258
8428
3428
1974
3801
2966
3395
6995
8285
4282
5914
3565
7350
5903
4058
182
1413
2821
7411
6001
9804
822
8332
1814
9874
7665
5189
9580
6718
4563
4654
8030
5877
9881
8006
3376
9147
245
3018
3091
5637
3513
4381
3047
237
5041
6454
209
601
5013
5423
7415
7609
1332
1658
9348
8176
9501
6316
4606
2725
4083
1693
1031
6868
8043
9315
3700
1188
9513
3870
3318
3247
5594
6156
5145
4330
8894
2709
4134
8972
2706
4233
6585
2404
1313
2084
62
5170
6338
5035
7453
1015
9663
7770
221
3764
9801
7743
6295
4641
2983
8595
1633
3742
3731
7991
4561
4111
8991
8237
4160
781
8282
4109
6236
7412
9465
4258
8625
7330
9100
8207
1903
4192
5468
8086
3735
2019
269
3398
1308
1357
6181
3575
5501
5761
9433
721
1287
1702
9487
8554
5297
4269
7855
1394
2864
6890
6891
3080
8525
1541
196
8427
5248
6044
1472
1428
9845
5748
3406
7734
2393
9754
801
9126
9545
160
9363
2966
5113
9162
5957
4002
2979
1555
5147
5118
8736
8488
9894
8780
5889
1027
7823
2228
5557
2001
3848
5324
2419
2968
4048
1355
3831
6054
7670
5656
9337
3421
713
7489
8922
9633
598
8959
4096
2576
7670
8006
6440
8461
701
3646
8597
2938
9581
7951
2197
2150
1882
3766
4368
7663
4533
3150
275
5991
8998
3751
5487
9053
1694
5278
3913
3698
5336
4215
7517
5391
3498
7678
8891
8979
660
747
5629
4125
5789
4226
9073
7850
3837
4941
7274
7297
4052
5720
6436
1854
660
1868
2834
8417
1188
4743
5922
6500
7677
7745
7663
5922
828
9289
4846
813
8926
1833
7400
7162
4643
7772
1282
8045
1290
3982
53
2268
9965
3562
527
3044
7858
9899
9585
3767
4469
9940
7477
104
3345
103
7735
6088
6485
5437
5863
85
1249
2324
1046
879
9624
6655
2385
2372
5487
284
1068
6000
9798
2022
8594
6281
8497
7098
3884
668
244
951
4353
4244
8766
3192
2227
9534
6358
3775
4986
1051
4187
420
3964
9965
4904
1664
4208
4845
8229
9265
869
6086
1486
9645
649
8578
8969
8348
5365
8383
3769
9747
9828
8817
2263
1865
2403
276
9850
9083
1254
998
5236
1145
2330
5194
8327
6273
5783
8130
2795
8306
109
1346
1568
5086
4752
5714
1442
5727
5759
3197
5806
6500
5672
7999
6864
3381
7177
8740
4504
9069
615
4548
663
8055
393
646
3142
702
9111
7885
5926
8190
4321
7301
5565
2669
1764
505
3453
8220
997
6757
9022
2235
7672
3877
5262
4606
105
2888
2519
4267
3340
4985
2610
2928
4076
2212
670
4161
34
6363
5997
3040
5299
6148
8959
5176
3243
789
4433
4666
8516
4476
6666
6885
2557
6911
751
9708
4380
2911
9440
4475
863
7723
7562
946
4219
7386
4719
1447
2554
5542
9710
5511
5600
1245
1249
1217
770
348
4067
4896
8327
4850
5712
6006
7975
7039
6799
6397
3084
277
4449
8239
1008
3595
2073
2852
6077
4031
4702
1590
2107
9610
5342
5188
706
2066
9822
9819
1605
8569
8476
3463
1514
5461
310
3417
9834
9618
1223
4513
1837
9854
522
941
1842
7969
1456
6506
4618
7452
3131
5307
1431
2963
9419
9286
5125
3867
9295
5634
2946
8670
4377
5523
6418
3920
8969
7914
3806
2588
6482
2083
7017
742
5412
7622
720
5666
2839
7545
5575
4736
6302
7940
79
8118
9844
6906
2716
620
594
3204
8320
5964
9244
9513
8619
8463
2938
6006
1525
2587
8890
6745
1558
9746
100
7063
6030
2243
4057
2287
9635
3267
638
7776
8406
3788
8067
7364
2694
6551
7032
3202
415
6531
7449
6716
8817
4128
9905
3842
7535
5280
9674
9046
8099
8594
5528
6985
1889
3109
9745
4249
9477
7465
2593
8637
772
9728
9860
9354
2698
4784
5248
1915
892
6858
8064
7243
6768
3040
4478
3863
8023
2265
9032
5862
6246
3601
5871
4680
504
8144
6772
8569
8960
4761
7533
7003
2334
1122
6959
8827
9675
229
1778
3176
6677
308
4213
9846
1719
881
6531
156
592
6613
6267
3204
3050
3606
3251
7759
3812
9045
6103
7589
4600
4925
9307
7979
8286
8617
5692
5569
3982
8607
9382
6194
2736
5397
8441
4474
2697
1261
3640
8496
7335
874
3561
7496
3496
7648
152
7275
5911
178
3225
1000
6701
9187
5850
3725
1064
7257
1027
8157
6766
1258
7564
9027
5342
5491
5634
1102
8305
5583
3091
9425
2385
4305
5338
2312
129
8139
4223
3025
5920
4279
3876
6077
3538
6227
9179
6720
3983
3814
3101
7098
9755
968
8888
4861
6101
1928
7488
4069
6477
6551
3338
9328
6200
8715
6849
6333
4843
4698
2004
7094
9933
8065
5160
4782
2114
7192
7517
3432
8955
4226
6330
9455
4861
3298
4549
5379
9940
1927
1632
2009
1043
3132
9253
2049
9869
222
8213
6434
2913
7327
2707
2163
4127
3650
6598
8157
4834
9186
7562
6022
589
4106
8687
8743
6055
4211
3263
803
5454
7333
3246
3613
6392
4230
9004
2971
8110
9671
4657
3827
4025
6894
7653
6482
1752
2284
353
195
2547
3055
9090
806
9704
6769
7550
3630
3741
8226
4159
6814
3153
975
9948
2372
5530
9486
8393
6769
5121
5225
1292
3381
4475
2686
3578
1410
6064
1994
2259
3
9267
4497
7103
2310
6792
2057
2341
4964
8111
3987
5855
906
5703
8072
4613
2197
231
947
3610
467
7253
4515
3793
8655
2609
1662
7644
6144
3388
9136
6412
1832
5377
4323
8387
8809
6306
5023
1471
1458
6500
6392
1810
8387
2729
7055
533
207
8083
8483
9001
9807
448
9237
2582
8326
7799
5683
7377
7041
1114
9025
2379
4999
5081
7283
6060
8867
7823
1059
9806
1380
8134
5666
9565
9317
9364
904
6217
1921
6448
1234
8954
9441
8432
7946
4460
2623
9712
5259
3650
3679
9958
1118
8116
6584
9378
3936
3761
1874
6376
7735
4012
6507
3322
8443
4464
7427
2063
5402
2633
6350
9141
6856
8629
9396
1231
4309
2689
3436
1463
7088
6258
7532
620
8038
7829
9949
2372
4913
4466
5960
7446
8169
3744
3192
8550
4220
1404
6354
3462
2055
4241
7526
4499
2848
8935
3664
700
3338
863
7087
610
4069
6970
2735
5188
9478
4190
4758
7804
4708
2820
2691
6820
9718
1527
6986
4353
2959
988
8097
1593
5734
230
377
6681
4461
3134
5379
6964
8528
3197
4491
6205
2356
3175
6294
8014
9504
6056
6911
3460
4605
6321
1553
3211
8913
7527
4230
797
4084
5051
436
8876
2130
597
5605
4183
590
2938
7536
3453
4909
1467
4586
531
3704
3613
316
2755
8268
3741
6196
4948
8884
8515
1762
5055
5050
7572
3763
5568
4716
9047
5759
542
8729
6300
5343
7635
9254
510
8292
6460
8868
7439
6913
1684
8971
1522
7702
4137
5267
1104
4458
3548
5749
5905
1771
8783
8150
8811
1643
4672
799
2444
1370
6725
3682
156
9623
2356
8534
4886
3805
7611
2718
8401
7080
7003
1649
2981
6642
6135
4646
7367
8947
3023
4781
9916
2272
8565
7578
7064
3315
2761
8616
2951
5576
7869
4495
7246
3970
638
5391
1886
8094
9112
7864
5799
5921
4432
1211
4423
993
9004
3924
1553
9205
3243
9978
4315
7983
3257
2629
2712
2694
7157
7798
4811
8530
2786
2750
2177
8043
3321
8613
7316
7849
3048
9292
8446
4340
8234
9640
6451
9435
6666
4041
7455
9243
5633
4135
4
7174
9389
8939
4003
5580
9436
7402
8868
4543
3929
3460
3906
5128
6391
9911
4698
2151
8990
2815
8560
3131
9734
9130
1151
9884
7615
3314
1595
3369
2216
2164
8911
3178
8221
2954
8397
6324
5538
3372
2689
7718
486
3855
9732
2536
4661
7620
1599
3807
4010
9799
2874
5350
2736
599
6569
1692
57
509
8114
9869
1908
643
3493
5984
4576
879
9810
8364
3713
4840
8454
1583
2418
1312
4263
3907
8901
3349
4103
3326
6948
8197
1446
6106
6527
1798
9700
1523
963
2099
4944
7694
3656
6373
8215
3005
5046
8119
5251
3245
9886
3171
9071
5403
3599
3067
3036
2475
4328
6021
3676
7513
3397
917
4561
6998
9597
4600
4423
3914
2764
774
492
4536
2945
2675
2696
1749
7286
3834
437
5040
3308
9402
3164
8641
5287
8170
4384
6281
6002
4552
984
3685
1901
3793
9690
4534
8842
3246
1992
6329
3262
1973
4108
6140
6781
1294
4866
4046
6756
6958
6680
3561
4573
1104
7792
969
4738
6162
8910
2788
2743
8526
5531
2683
2526
3247
5469
5098
2726
2599
6339
8985
7931
3083
8339
7814
4233
9918
5456
3230
8909
8586
6020
982
7980
3230
4634
6675
2813
6836
6605
8182
6684
2980
5689
5826
5777
7669
2628
1097
8802
5633
2552
4436
8661
4083
4603
6772
2111
3668
7120
9239
8593
8945
4956
904
6118
4450
5555
