4887
8089
3725
8889
407
1371
2977
9167
1861
2145
449
313
5873
3871
2767
5741
9113
3539
2057
415
7045
3931
4123
5351
3361
5199
6579
9259
5043
4295
7525
2301
8195
507
2907
7805
3075
5699
573
897
7279
8621
1331
5261
6487
4287
5863
2097
9739
5559
9643
139
397
129
7515
7053
2027
8057
3115
4317
4663
2827
775
3143
275
6267
7573
1661
7757
5041
2573
9457
2155
7981
7477
4145
2139
7683
5401
7111
2505
4105
5599
6297
6051
6853
9709
8693
4835
7207
5629
9135
45
4597
5225
7909
425
8917
5427
9999
4133
7481
9619
5403
9909
9453
2581
2819
1493
4315
4391
7419
4635
8955
1271
7031
7075
4147
565
1915
3689
5907
8489
6081
8683
7899
1849
7413
9021
8631
521
6437
5761
8279
7705
9395
7267
7473
6093
7637
1359
3553
1083
3937
8669
951
3619
4745
993
6651
7881
2405
9561
1121
8855
4161
6373
3185
1677
6747
6425
2107
7317
7195
3025
9099
1533
1887
9609
227
5651
375
873
9607
3437
8155
9967
9135
1787
7717
6839
5893
739
1931
2265
5607
9903
2955
5221
7967
6351
4473
5667
1519
9747
7813
1445
9357
3609
6775
6753
2983
8095
5587
691
7517
1411
4953
759
2101
1227
5789
5211
2805
9579
6501
9869
7467
157
5819
4875
2913
111
6905
8501
7335
5895
1525
8659
4281
8767
1389
1115
5417
7837
5027
511
8809
4395
1207
4413
5567
9713
2129
8109
5419
1739
1
3213
4275
3697
1157
4603
8863
2329
1329
4657
945
2545
4105
5843
713
6057
1179
2213
525
4351
5489
7879
6969
4003
1791
9691
9427
4465
7867
6485
4963
3527
8305
1009
2319
1045
8861
5547
3453
943
7223
9099
7449
9469
171
9759
9155
5235
2247
7945
4877
8971
1033
6327
827
4303
4679
8425
3745
3447
2473
8349
855
9669
3747
9651
1335
7665
3587
1675
3817
4215
2069
4711
5997
8997
8091
979
115
8723
9911
6487
3817
8833
2945
665
4551
629
177
4847
1971
9009
1621
8755
3271
4477
3593
9767
2299
3599
6669
4135
9553
7959
2715
5749
2745
5543
2455
8029
5809
5519
8223
3125
1427
6391
9957
769
2941
7209
8169
1793
3593
501
1041
2305
1385
9219
1495
5433
2991
8827
6561
1647
1141
2165
1723
223
1553
9679
8273
5049
1977
451
2239
907
1801
7089
5309
213
771
6909
7437
9387
8945
831
7239
6225
4799
979
3725
8011
5223
5441
9927
6325
5035
9163
2149
7731
7727
7783
1457
515
8055
5829
3087
859
2101
7535
4587
6171
7267
5051
5551
7199
5995
4105
9595
7295
5333
523
443
9265
7709
6301
6281
1273
8157
8117
387
4257
3297
4643
5463
1555
4939
9659
2117
4707
1259
5775
8617
7687
7673
123
4539
6315
2903
1643
8869
5407
5839
1293
9969
5571
5723
8039
31
4551
7767
9081
5003
7479
5109
6987
4163
3713
6799
7559
4469
7665
4607
8099
9453
3509
147
4829
8951
5519
6191
4811
3355
3401
5079
9805
3223
265
2811
9103
7587
5173
9349
6873
9759
2891
6785
5107
7017
7935
8455
1439
2929
335
8201
469
5867
9009
4455
3167
9293
829
5267
2271
6483
2831
6843
5905
9199
779
7071
6595
3475
5481
1023
6115
1311
1455
9943
4553
3235
1969
6535
575
3515
6325
5961
2743
9077
2239
2537
8217
9923
7801
4883
5669
7285
699
7325
9805
4079
6861
1319
6975
611
6657
841
4175
4591
4077
667
6269
9869
4137
8051
1777
9547
8229
4375
1127
9245
5625
9691
9501
1723
4683
3411
9827
2131
4833
4097
995
3269
3869
8137
3345
8671
1755
2535
7181
999
6755
3215
4321
697
5217
5079
9289
919
9821
8395
2877
8921
3285
147
2771
1255
1731
1259
527
5779
8155
5991
7777
7075
2909
2247
5557
9705
1583
3785
3041
8041
9771
4661
5503
7241
1179
4141
5069
7943
3489
5171
2855
7845
5793
8057
3215
9633
2709
1071
7665
4049
7589
3347
2463
319
1967
8253
3511
6703
5237
6349
6253
3957
4675
4455
4499
7907
9467
9465
9273
2687
8607
4173
4535
155
987
1609
4765
1173
4375
4345
4009
3007
2015
1947
6353
6035
9633
1293
1647
1923
3557
8265
5543
2969
5717
7689
2759
9907
5805
5203
263
1061
3395
7397
6683
6553
9267
3075
4941
9569
7463
8123
9061
7407
9307
5689
1023
1259
7509
8913
27
609
5679
1139
1075
3737
8537
7863
577
9519
431
981
9771
1827
1985
985
5893
2741
5337
1193
9235
2613
4997
1343
5251
1719
837
919
7399
8169
5815
8185
9393
1267
2603
8577
6593
5783
1787
7203
5043
3733
6397
1305
4643
7175
929
3573
6507
853
495
9727
6223
7699
7741
7889
903
1583
4487
1521
8817
829
841
381
9277
1827
5413
1271
9249
6587
977
4277
5507
4959
2325
5933
8537
9623
2711
789
3811
8869
5647
4703
4967
2503
3033
5749
6435
5511
967
2761
2425
7465
4401
2249
4435
6583
5689
2435
1907
8521
9225
1653
6433
9671
721
9815
6289
6085
4187
8691
8783
9735
8549
7213
7167
9351
6145
4173
3419
8983
3065
3289
9503
5131
5515
4825
3475
9147
7
1857
1171
4669
3805
1985
8575
4525
5839
6447
3409
3971
3045
8049
5193
6293
6803
9839
141
507
5839
5081
4479
9715
4719
7249
4911
1521
1639
7785
6089
2623
3151
3557
4407
2591
7089
7897
387
3779
681
583
8339
7487
535
8135
7413
9063
3929
7717
8071
8877
5289
5061
8371
5663
5357
3119
7549
2921
9271
5751
6759
147
1527
5315
9995
4903
5363
849
2171
6251
3103
7569
3329
1965
7363
5037
4361
5987
2703
3863
4583
2355
559
8009
3175
7757
1691
9749
1189
9799
307
5073
2637
2017
6379
7873
4703
8809
8997
5583
5603
8733
7161
5863
9761
7465
3939
929
4071
4299
3773
4643
3437
2515
7249
6947
4259
4099
4233
8167
5183
3913
7703
7985
5239
9745
6451
4537
3163
3793
7757
241
795
8669
1631
6351
7911
4901
7841
3271
6229
7933
3155
7913
3185
4265
13
6257
3341
3995
7725
6595
9779
1153
5485
1001
4927
6077
9241
4405
1859
2755
6711
3649
973
319
9917
4711
5675
6143
4947
677
2041
801
5621
3853
3323
9379
5891
8373
5179
813
9291
1657
695
2401
8811
8225
9209
2247
5083
8743
965
2909
4709
6745
9151
1931
2671
9621
9535
4859
1675
9421
4911
1065
2395
9645
3831
8911
5651
8477
4457
6635
619
6629
1985
3703
9651
2211
8041
2293
5365
4081
53
4729
7831
1657
6957
1979
6383
3871
8557
7697
2129
5873
9677
8807
6171
8217
2773
6253
441
9591
9011
8257
8761
1707
495
687
6553
3033
3143
8875
3891
5543
6291
1041
5121
3385
9013
9941
8395
233
1939
4061
6043
2289
3861
355
4883
1403
8687
9989
6103
2045
633
2089
6631
6043
6341
3051
9951
8041
881
5939
567
2953
1449
8261
2849
2885
4167
9141
2971
9791
1109
5611
8619
3687
423
4563
3573
3413
9433
5047
6745
4871
9233
1741
1695
3227
9059
585
9015
8969
423
8687
7139
2673
2437
323
6099
9561
3369
4665
9489
5877
9811
5959
133
341
1921
6213
251
7303
9227
9553
3073
5545
8091
4943
5377
4015
487
9629
5657
8635
2813
641
7553
6935
375
791
3839
1263
561
5765
4969
5909
5075
9903
727
5303
2089
8825
3419
3497
5553
7235
4377
2573
2625
1405
1009
6489
6653
7343
3621
8999
3585
6357
8215
9487
7511
7003
1745
3629
2079
8025
6131
8103
2111
7915
949
3347
2595
8987
1901
713
7993
1157
3991
63
8115
1553
5527
6353
2563
9873
2543
7077
5199
8061
4177
5883
6187
3075
5437
1367
367
351
3797
5307
3387
1071
4437
8475
9487
6505
1523
757
8095
7995
8213
7431
749
9777
4789
9303
2611
8353
8737
4359
8437
2111
3823
5865
2513
1167
2639
4789
6513
5151
2281
8255
9961
87
4937
7691
4709
1
993
5419
3753
3475
1131
1617
6651
5859
813
3279
2283
7827
9017
9793
7139
1889
9863
1453
6631
4405
6667
7285
4925
4469
79
6973
8073
9851
3299
445
7453
49
7151
2151
6179
8307
5723
453
9371
2029
8227
2813
1209
4035
9747
8667
2443
6097
6297
6081
5257
5993
4737
4069
6589
7179
8803
9489
7459
7711
7627
7907
3189
7175
1817
7195
8747
2849
9475
3449
459
6491
1389
9389
7749
9585
3159
5763
5133
9895
679
2203
147
4901
1389
7639
3079
5733
5455
8857
4485
4319
4027
457
2751
3519
523
2081
9155
5337
817
3493
1007
6659
6049
6307
1795
9269
1649
5931
2001
6921
5615
8789
1057
9283
1167
9063
2589
5657
1917
5833
2069
8991
7795
2143
211
9205
5189
2965
4635
769
5247
947
4325
9867
6715
1301
5155
3829
5465
7859
1173
9991
5075
947
7357
5591
5047
3803
9021
8285
7675
9655
7081
3523
699
7895
473
1983
1429
8153
4777
8341
8367
7491
7911
4037
2499
7919
1655
53
5267
4685
5557
6915
9071
2815
3505
4573
3009
8629
7289
163
7687
7155
2309
8761
7685
3603
5405
5259
819
6561
2501
1633
9931
7023
8281
2819
381
7007
8915
5599
7691
8105
7377
8217
7707
4601
2663
5389
4197
23
9217
2127
8453
4243
7973
7761
9629
9465
4815
5703
365
8119
4867
4927
7183
6999
2727
9765
4927
47
5619
6609
777
937
9327
1687
3269
4657
5525
9221
2165
3101
6857
9405
1609
7823
1383
8545
7825
8193
8427
1947
6767
9599
4409
7153
5289
2743
2319
5477
9989
5545
833
2677
2919
7723
6311
3871
3999
2105
4527
2887
659
797
8521
2163
5995
8275
933
2391
141
9663
2085
8361
3541
811
4227
191
9767
6239
1545
4021
8023
3743
1491
4637
2515
2183
8441
7723
1085
75
4247
2319
2845
4625
3783
4857
2539
6009
123
7771
8827
8351
9331
6077
3033
4223
1133
6063
7829
8213
507
5927
5077
2159
1135
4083
2921
5455
549
2923
4787
8055
7315
6351
7173
4023
3009
847
6059
353
5453
8645
6589
5731
8153
7991
6723
4037
7653
3845
7127
9135
1405
7501
4591
5337
5963
969
2631
3695
9137
3627
8341
4593
3445
4101
2339
813
6487
3349
6635
3917
9527
3565
5153
2257
159
3939
3649
3269
1993
9027
7971
2149
5965
5309
9637
5917
7263
3795
3119
2383
2069
119
3489
1483
2929
9237
5189
6763
4461
2187
7899
4207
4517
8237
8607
8547
5651
8357
4101
6217
7339
4061
7971
3285
7399
3653
8641
3071
1947
419
89
3443
6757
3959
3349
4215
7571
7221
3909
1655
9929
3157
7487
7567
3355
2405
4039
569
6829
7343
8599
5165
2159
1501
8139
8219
565
589
9659
4411
7531
9035
613
4401
2965
6511
2785
6045
2045
463
5435
8995
37
6299
797
679
2289
2043
8573
4305
8435
5295
423
7217
7795
8285
2909
4497
8001
1433
4791
5419
8417
7311
79
1801
9253
6601
3719
863
2485
1937
1687
3267
4415
6481
3791
6719
8153
1463
6147
5859
3643
9557
6655
2667
6317
7359
1827
6387
855
2351
2719
7397
921
7721
1531
1809
1603
8649
2453
2941
8167
9597
8897
5557
6949
5599
8361
2899
2157
5277
37
9963
521
1151
9297
7601
7375
6619
2171
3317
2095
5331
8435
2365
6161
13
9061
5969
6953
6691
7547
9075
2375
2849
3433
9029
451
2335
4081
2817
1141
1535
8847
2547
5555
2725
7923
7071
1137
6367
9337
8019
6265
2809
1757
3767
8821
5083
1507
7301
9945
6473
3133
2067
1331
6085
8365
2645
2731
6795
2793
7705
6693
8107
2725
173
277
1587
1305
8737
8835
3513
1691
7791
9849
1381
4783
3197
9869
367
8765
1851
9639
6929
2057
8247
7211
3591
6125
8041
1353
1611
9953
8323
847
7745
613
293
6839
5671
3387
749
9335
8189
7729
27
811
1543
4093
5009
3447
9961
1421
5757
301
5595
7415
6125
2571
3965
3555
123
7291
9777
6557
843
4315
1883
6659
8017
1225
9859
9249
915
8359
6357
5537
6615
6477
3237
5969
4145
5177
4033
6497
3297
5511
851
1651
4085
4905
1209
9145
5639
2579
1627
765
4259
7709
3021
2655
4529
6147
1995
2573
2857
7113
3597
803
7765
5381
2329
4309
8385
5497
569
7361
4579
7767
3863
4061
9363
3717
5619
6601
2261
1475
1367
6339
5645
155
8977
1501
4377
9051
9707
6093
6085
2683
9755
7727
4195
8607
2681
483
9423
6549
9759
1987
4445
3807
6209
5355
5367
3459
9879
2011
3815
1071
7741
1661
8697
2229
1119
1449
9949
3667
6903
2821
5257
7249
5521
725
3401
3393
1201
9475
7355
1191
6051
5465
927
937
2761
1481
9051
5441
657
3691
7119
5663
3911
8915
9021
5989
9523
5403
2347
9507
447
8875
9219
3167
4851
3229
7711
1207
6187
1627
1915
1029
6901
2283
685
6087
4021
3847
7521
2323
3559
809
2655
2993
4891
5747
6085
3577
6901
6951
5323
4713
6287
6369
3753
8079
5467
4487
5383
647
3227
951
3903
7757
6467
6179
3775
667
4231
3245
7831
3783
9615
1127
4597
9233
1987
3639
7701
9449
2903
1307
2573
3645
99
1347
4631
305
3891
2879
8219
2073
9887
4839
47
3933
157
8429
4395
3819
1399
3841
8255
5439
7955
8605
4047
4735
7007
8089
2243
7175
6875
4189
7023
8551
8077
583
6175
1831
2165
3297
1183
9239
1595
1817
785
1449
8409
4141
2675
1223
5505
2047
3931
2703
8289
7551
3539
9395
5429
8903
6189
2389
1361
1947
8127
4809
8253
2597
2025
6863
7821
5331
6287
5391
3369
7243
2063
3013
3875
607
2565
9805
8095
6995
295
4413
723
1743
7107
1661
7549
2167
7297
8715
713
1067
2137
5679
533
869
1267
6617
7009
3059
5769
5627
2681
7039
6795
8807
9797
2283
1203
2329
365
7527
6281
7097
7761
1903
3913
3153
163
8639
1539
5659
4643
3697
6615
973
8567
933
5625
7531
6399
2363
5427
7305
8773
4711
1149
1683
8275
5151
8691
4177
111
963
7577
2269
7559
8205
2687
1545
5135
1225
9897
8395
7813
9683
3719
5815
5973
1283
3397
4397
5043
2615
1973
2701
7305
2211
2379
7221
1055
8495
1763
1083
5293
5117
7099
677
3433
5953
5621
4775
5525
905
8115
2241
8473
1127
2177
1287
3825
5523
481
155
1271
7985
2509
125
5999
2557
3587
7239
4265
3763
2495
2201
1129
1141
6067
5129
5479
8943
1245
4399
9107
1171
2379
8129
6581
8611
5121
5971
7867
5973
1319
5185
9535
695
463
5653
8531
1525
647
9583
8605
7345
3851
4171
521
7635
4461
1569
7857
2355
3561
3385
5553
6779
2455
1291
3323
1635
1421
5899
1471
7471
3157
9639
2261
1769
3291
2713
8217
2489
8969
5873
713
9297
5797
6023
8397
9007
4677
6657
4525
2993
7193
5665
2989
6109
3077
139
8065
9127
2487
2027
6589
8481
7591
4699
9297
3883
3033
7161
2589
5791
8091
9249
8191
9633
4587
7019
2535
8551
1249
4247
1797
5861
155
6481
5785
6827
7867
8169
2989
5981
2215
2255
5325
4983
7237
3527
9413
1669
8885
6943
2061
1215
8191
8651
4447
5869
8061
5383
8889
1743
8415
3579
2619
4859
8839
5775
1543
1863
569
5533
4881
2201
4141
6667
3057
5117
2747
5541
5783
8125
8527
1243
3677
2743
4415
4429
1397
4303
6551
1321
6365
8161
577
135
8095
991
6397
3951
3035
6171
1705
7875
107
7917
6551
5229
3201
3351
7921
73
2243
8839
3457
7949
3745
1163
7269
9377
19
5925
1599
6705
4967
4621
3269
7971
2317
1295
9067
6931
5793
2537
1091
2617
7751
5569
2733
9379
5447
2261
4683
9537
4895
7175
3277
7043
5071
1239
8067
1177
195
9333
6315
5533
2597
3167
4851
2985
6275
895
5103
3225
2939
9899
8901
7753
4549
6577
5669
8165
5585
7255
8617
7345
9927
2137
4599
9245
5573
9283
9537
5661
1055
9193
4379
7035
8997
2329
1551
2517
7117
2093
1355
9763
7749
6467
8855
6149
9765
929
1353
1901
7541
4573
9199
1753
1499
371
3833
1129
5665
1181
6827
9933
4043
1867
6865
7803
1119
5319
5081
725
8091
821
5049
3489
8661
5177
1845
7359
9819
9929
513
8955
1211
7721
2101
4267
329
4475
9411
2407
4377
2315
3511
8941
3781
779
9613
4935
9307
3995
1469
1811
7979
7785
2907
3925
7307
6809
2317
9791
8359
6293
9239
9957
6901
1279
7111
2563
2117
4141
4761
5049
6855
587
2925
7109
4299
5689
2621
3583
8251
4165
6057
5093
4867
6813
8435
1449
55
5041
6107
257
1241
9911
7723
7777
9547
6739
1689
6041
2581
1795
4387
2973
5859
5353
4589
7603
2757
7459
7267
7845
8267
9701
1605
8401
3717
3489
963
391
6163
2303
6291
657
2705
4233
6969
5381
6745
6759
2621
785
157
963
1409
4315
7645
3791
847
743
7077
8307
3463
1403
7087
9617
7883
8769
9561
3089
793
8863
5793
1847
427
9505
7215
6785
8339
1947
9399
8881
235
6401
9451
1469
7479
8905
9387
6901
2175
9071
251
8211
1399
2719
6139
3521
681
8067
1931
1841
1237
6263
2063
1861
2273
8375
3483
6757
8663
8721
1547
1985
3369
1997
165
5299
6067
4139
8971
8355
4519
5631
9603
4037
1569
867
6119
6335
1563
2321
3191
9129
7687
8143
4699
5337
5983
3639
1877
6755
1281
4819
569
1773
8545
2607
203
4763
6395
7007
1153
2917
4135
979
4353
6761
9537
2537
3481
6037
3647
6501
4255
6425
7829
9755
879
3577
7277
6675
2475
6351
5961
6983
9121
2657
9223
767
7359
7993
5149
2387
4381
1273
63
2597
8947
3713
4117
9003
6903
2853
1197
3297
7825
4653
9373
6779
4045
8949
1921
6613
2113
3511
9863
1833
8063
1941
6377
2389
2455
6567
7847
8741
1365
7645
7135
5881
4599
5631
1047
219
6551
833
7977
4635
3875
6685
8011
2053
7415
805
2269
4775
8473
5465
6051
9995
5871
1565
8581
2871
5173
9549
3933
2805
4835
9269
6667
107
849
7677
9413
7347
4297
3709
6349
3323
305
549
4855
3589
8873
2813
3687
7161
6467
4155
5099
6437
6109
2345
953
1495
2149
113
4175
1811
8437
1357
9715
7513
933
2181
243
9411
983
1907
6871
4917
727
6483
7653
2479
9321
8775
2309
1705
2379
769
8139
2447
317
3065
5501
683
3851
3357
8093
183
9883
5763
6617
4103
5743
7291
9227
931
7009
5099
5855
2431
1093
1193
1771
3849
4947
1279
6815
6219
3
9035
8323
3583
5889
4575
1863
4525
8627
9023
9735
3645
5225
6715
2197
4327
5909
8551
9367
61
4993
5695
5481
8243
8267
1801
2527
9341
8519
3523
7175
167
8311
625
7279
1449
3093
1517
7767
6135
8379
6721
6967
537
5361
3593
4039
1505
7703
6319
4843
7783
1371
6707
6671
1
8827
655
6439
7529
733
3823
2161
2327
8605
8561
1259
6527
4559
6199
3991
8437
5145
1051
1079
3347
3785
7933
1489
9317
7085
6855
5121
4867
3819
8791
8213
9039
4423
8757
2959
1459
791
4893
4243
3269
3377
7483
7609
707
1077
7563
7431
2515
8569
2067
95
163
81
2103
9597
4803
6207
4273
7469
8257
7737
1141
1629
6051
3481
1867
4609
8017
5869
5167
1599
8823
2415
9363
3829
4373
995
3951
4509
5975
511
1319
3045
3119
3129
4211
3165
405
5751
5891
1837
9113
2077
9185
2061
9779
7415
4079
4907
3629
4881
7347
8533
963
3529
7831
4547
2869
4425
7241
5489
9127
6215
4113
5879
1269
8849
6499
3887
1751
5131
1567
8067
6239
1477
5993
1201
1187
291
7053
201
4395
7467
5657
5847
3269
3925
9257
83
1713
2609
2049
1269
2053
1245
6305
533
7793
1247
3469
3151
7187
9723
9277
3259
9753
2131
1771
7171
1693
8463
9793
7893
3689
3813
6619
5969
6393
4857
4583
2907
9809
7049
7839
3287
5429
8331
841
259
5503
9719
621
3239
3153
6435
2243
8263
1161
6799
4055
2141
9413
6265
4683
3711
8899
5003
6941
2301
2107
89
3991
3495
641
6883
7215
6431
4419
3183
1263
1023
1195
6033
7103
1799
2577
3433
8689
1123
7673
8667
5287
3921
2761
5735
1197
6371
2371
9519
3321
5213
269
2699
9643
6337
5927
1735
309
539
6801
4013
867
9045
203
3431
2875
1743
829
7171
1023
1611
6845
8803
4527
5513
2005
7957
6641
221
6619
9269
5371
4997
7317
2601
2651
3339
3471
5327
6243
6715
5041
4769
6191
7907
891
2379
5619
2185
675
6209
6889
8769
673
6347
8245
9259
1223
6025
7665
4447
529
9229
4217
8365
7379
365
7519
6985
315
5147
9007
4285
5647
3057
6749
273
4703
5623
477
3545
6299
6745
6597
8929
5123
9095
9231
391
3265
2893
2601
3815
5221
4341
5335
4157
7461
8797
8437
3327
5317
8301
7685
2951
1855
8527
1005
4575
8535
249
2403
4537
6003
539
8509
6063
6905
1937
9533
6151
4913
5053
5705
6207
8477
1633
675
4599
5125
7497
3857
6829
5069
2715
995
7483
8977
1159
719
3613
7383
45
3017
1253
8815
973
1337
3319
4775
8211
1451
6651
9035
2825
4455
3869
9031
4305
9009
6393
4477
2551
555
7821
6223
4305
8045
8251
3851
1083
7261
2479
5399
6285
3031
1243
8285
7759
9255
5679
1391
4223
5539
479
8251
211
6131
4455
4367
6281
1201
9285
77
4391
6167
9921
2197
5055
699
9717
3169
9043
1955
3315
2931
1293
9547
2739
8743
6389
1557
5065
5729
4439
9747
8013
6671
6437
6849
8853
3437
175
2299
9181
1973
1299
3217
9479
4923
5827
6093
2337
8491
8461
8231
2379
1687
6157
4653
9787
3955
2413
5771
7047
4607
9685
7821
859
6491
2479
8577
6353
3797
8135
301
7319
7755
8065
7925
3757
5289
1615
3303
3069
5631
3551
5891
1607
8387
5479
6585
6273
4753
8077
9119
6169
2449
659
191
5247
5215
4287
7401
3491
4179
1359
4169
8143
4067
7663
9187
9545
7163
6797
49
499
1373
8321
5929
8965
4201
9085
3617
9041
5837
9091
8715
5743
8017
9719
9783
1685
7949
2035
9275
1603
8595
3357
8619
1975
1477
4599
6445
8763
4301
3905
5621
455
9375
7719
599
8457
5479
597
4065
5661
9449
5919
4157
4819
4693
2597
2363
775
8305
2681
4913
3277
6265
7599
2787
413
4673
8905
6255
8261
1853
6563
3243
2797
6205
2483
383
329
1073
1629
2107
8195
3969
8057
5005
3157
5931
9029
9363
7591
5325
5337
6093
8743
739
3009
4489
3497
6629
6195
1943
7235
8929
9423
8159
7345
9991
2249
231
5923
5435
2365
6655
919
2693
2031
3757
1121
7617
1915
491
805
5753
2205
7405
3485
665
4367
309
4001
1197
1133
1429
1537
2149
4385
1517
4133
8281
1249
445
2469
9885
8313
5535
1743
3755
7809
1791
8729
6197
4287
7469
9239
973
4391
7445
5021
7965
5875
6189
291
8641
5395
6365
2755
2977
813
5255
5273
111
1733
7219
6253
4087
75
6035
215
8009
1917
7113
2761
1383
297
3139
2671
6089
9327
3967
3295
7891
6957
1987
4519
6711
4891
9637
7387
4167
455
4633
4491
4457
9753
4647
5489
3901
1371
989
9653
5283
2343
7275
9941
8589
5551
1881
5513
8739
779
2549
2071
6007
2291
6069
3235
9633
4509
5841
9553
7939
6849
9305
2399
6843
9145
1033
725
4571
8257
3681
681
7215
2565
9855
7199
9273
3053
8655
7313
9463
8163
8587
9133
2143
9377
9697
3377
8653
7829
9971
7299
3887
9621
3337
55
4223
3865
2277
4615
9577
8901
6923
3237
1683
2549
399
1489
4859
5131
129
1449
8287
3031
4777
6279
4873
6655
2249
3039
1399
105
9147
1615
3735
6951
4861
2831
7865
3915
4925
6847
7683
4613
6851
1921
4989
3211
9435
9971
8635
2525
4829
4973
7975
1055
1317
1415
6407
4315
8901
2131
5173
1007
1741
3837
8029
6373
2473
365
813
9229
3159
2867
7299
4235
3385
2775
7659
9529
6499
7339
6531
1733
1823
7481
8293
6789
4037
5569
7905
3767
7843
8207
927
7935
997
499
1463
6989
489
4319
1959
4085
6543
3369
985
9997
5333
2349
8747
8109
5365
173
3917
7209
4433
243
3905
7929
1647
7251
2023
6815
1935
7077
407
305
9607
287
3709
1117
441
4251
1065
6999
1697
7681
8673
3923
1865
2937
5251
2315
9455
831
807
6505
5071
6901
7217
443
2573
9987
4667
1799
8101
3301
4011
9377
8009
4759
257
3681
7719
7735
1955
3323
7257
4057
3189
9311
5929
729
9975
3213
8973
903
8599
9791
4607
7923
8957
569
6931
5027
8367
4269
5663
8125
1653
9603
909
4447
5811
6247
2421
9283
5969
4265
9187
8023
3901
3955
9863
4823
8789
3779
5157
9315
2943
6899
5883
7709
9303
6479
3707
265
7331
2367
8045
9601
219
5807
7161
4735
3331
8555
4125
3195
6907
733
6103
891
4043
9799
7263
9011
7709
4911
2123
5835
1451
3953
2367
2073
9385
6033
5381
9553
7753
9903
1957
1651
5779
1057
7947
5641
709
9203
5839
6869
4161
8799
7017
3965
8717
845
5449
8837
5911
1573
765
2031
8385
1025
5641
6451
8095
3619
125
5903
9529
8759
1501
6367
7345
6665
1121
2711
4831
9737
6921
8275
9983
8665
4087
6067
5189
6187
1337
1903
1371
3851
3385
715
6943
6617
1913
6013
2223
417
8357
4801
9269
425
7767
5311
8153
3763
443
8263
6043
5529
2149
371
2799
81
2603
763
5793
6419
3207
2745
6201
2757
283
1907
2053
8263
2227
7097
9763
1143
8167
3375
7157
3801
3395
6995
8285
3565
5903
1413
2821
7411
6001
7665
5189
4563
5877
9881
9147
245
3091
5637
3513
4381
3047
237
5041
209
601
5013
5423
7415
7609
9501
2725
4083
1693
1031
8043
9315
9513
3247
5145
2709
4233
6585
1313
5035
7453
1015
9663
221
9801
7743
6295
4641
2983
8595
1633
3731
7991
4561
4111
8991
8237
781
4109
9465
8625
8207
1903
3735
2019
269
1357
6181
3575
5501
5761
9433
721
1287
9487
5297
4269
7855
6891
8525
1541
8427
9845
2393
801
9545
9363
5113
5957
2979
1555
5147
5889
1027
7823
5557
2001
2419
1355
3831
9337
3421
713
7489
9633
8959
8461
701
8597
9581
7951
2197
7663
4533
275
5991
3751
5487
9053
3913
4215
7517
5391
8891
8979
747
5629
4125
5789
9073
3837
4941
7297
8417
4743
7677
7745
7663
9289
813
1833
4643
8045
53
9965
527
9899
9585
3767
4469
7477
3345
103
7735
6485
5437
5863
85
1249
879
6655
2385
5487
6281
8497
951
4353
2227
3775
1051
4187
9965
4845
8229
9265
869
9645
649
8969
5365
8383
3769
9747
8817
2263
1865
2403
9083
1145
8327
6273
5783
2795
109
5727
5759
3197
7999
3381
7177
9069
615
663
8055
393
9111
7885
4321
7301
5565
2669
505
3453
997
6757
2235
3877
105
2519
4267
4985
4161
6363
5997
5299
8959
3243
789
4433
6885
2557
6911
751
2911
4475
863
7723
4219
4719
1447
5511
1245
1249
1217
4067
8327
7975
7039
6799
6397
277
4449
8239
3595
2073
6077
4031
2107
9819
1605
8569
3463
5461
3417
1223
4513
1837
941
7969
3131
5307
1431
2963
9419
5125
3867
9295
4377
5523
8969
2083
7017
2839
7545
5575
79
9513
8619
8463
1525
2587
6745
7063
2243
4057
2287
9635
3267
8067
6551
415
6531
7449
8817
9905
7535
8099
6985
1889
3109
9745
4249
9477
7465
2593
8637
1915
7243
3863
8023
2265
3601
5871
8569
4761
7533
7003
6959
8827
9675
229
6677
4213
1719
881
6531
6613
6267
3251
7759
9045
6103
7589
4925
9307
7979
8617
5569
8607
5397
8441
2697
1261
7335
3561
7275
5911
3225
6701
9187
3725
7257
1027
8157
9027
5491
8305
5583
3091
9425
2385
4305
129
8139
4223
3025
4279
6077
6227
9179
3983
3101
9755
4861
6101
4069
6477
6551
8715
6849
6333
4843
9933
8065
7517
8955
9455
4861
4549
5379
1927
2009
1043
9253
2049
9869
8213
2913
7327
2707
2163
4127
8157
589
8687
8743
6055
4211
3263
803
7333
3613
2971
9671
4657
3827
4025
7653
353
195
2547
3055
6769
3741
4159
3153
975
8393
6769
5121
5225
3381
4475
2259
3
9267
4497
7103
2057
2341
8111
3987
5855
5703
4613
2197
231
947
467
7253
4515
3793
8655
2609
5377
4323
8387
8809
5023
1471
8387
2729
7055
533
207
8083
8483
9001
9807
9237
7799
5683
7377
7041
9025
2379
4999
5081
7283
8867
7823
1059
9565
9317
6217
1921
9441
2623
5259
3679
3761
7735
6507
8443
7427
2063
2633
9141
8629
1231
4309
2689
1463
7829
9949
4913
8169
2055
4241
4499
8935
863
7087
4069
2735
2691
1527
4353
2959
8097
1593
377
6681
4461
5379
3197
4491
6205
3175
6911
4605
6321
1553
3211
8913
7527
797
5051
597
5605
4183
3453
4909
1467
531
3613
2755
3741
8515
5055
3763
9047
5759
8729
5343
7635
7439
6913
8971
4137
5267
5749
5905
1771
8783
8811
1643
799
6725
9623
3805
7611
8401
7003
1649
2981
6135
7367
8947
3023
4781
8565
3315
2761
2951
7869
4495
5391
5799
5921
1211
4423
993
1553
9205
3243
4315
7983
3257
2629
7157
4811
2177
8043
3321
8613
7849
6451
9435
4041
7455
9243
5633
4135
9389
8939
4003
4543
3929
6391
9911
2151
2815
3131
1151
7615
1595
3369
8911
8221
8397
2689
3855
4661
1599
3807
9799
599
6569
57
509
9869
643
3493
879
3713
1583
4263
3907
8901
3349
4103
8197
6527
1523
963
2099
6373
8215
3005
8119
5251
3245
3171
9071
5403
3599
3067
2475
6021
7513
3397
917
4561
9597
4423
2945
2675
1749
437
8641
5287
6281
3685
1901
3793
6329
1973
6781
3561
4573
969
2743
5531
2683
3247
5469
2599
6339
8985
7931
3083
8339
4233
8909
6675
2813
6605
5689
5777
7669
1097
5633
8661
4083
4603
2111
9239
8593
8945
5555
