1006
7898
9972
9522
6044
9488
7830
7318
952
4462
9580
9754
8834
5614
8474
6576
978
462
3052
5098
734
942
9682
7910
7094
348
8124
7012
1070
7332
400
3548
3278
5826
462
6008
8466
7996
790
5844
6270
3702
7372
2596
5482
682
7418
6082
6464
960
4138
9934
2460
1476
9336
8136
1384
2446
3606
7926
3116
1030
132
9934
4876
960
7114
8612
626
7304
2054
4244
3842
5464
5034
5570
832
9284
8090
544
5748
1142
9644
8466
8512
7630
4594
2858
1994
9216
3834
3948
3994
3656
2322
8066
6522
8254
6766
6822
7856
3134
304
2530
922
7068
6202
2156
2836
8756
1212
1330
5038
4124
18
7940
8686
6840
6476
9886
150
1258
5088
2540
4616
972
9892
916
5264
2870
2806
6348
1338
3952
6288
3606
9734
4904
2636
1492
7826
6582
9474
5742
9064
2126
5334
4044
3212
8692
6800
7746
1006
1412
9066
984
5780
8230
4912
5774
9158
9520
4838
2290
3364
4104
6374
2188
886
5682
6036
4664
654
4112
866
46
4850
420
5288
9312
8344
8412
7924
8506
4412
8994
7668
3842
6194
4902
6644
7782
3930
2518
6436
48
9618
9720
1124
552
476
9524
4132
3712
8250
9932
4936
6776
7440
372
9712
5368
2990
2382
1434
3304
4588
5672
9156
9652
5984
8014
7916
2364
1964
352
4062
8650
8166
2170
9868
2690
2134
812
3052
6778
826
9106
9632
1488
7854
1808
6014
5204
286
7252
8924
7636
4926
6014
2330
2480
18
5702
6744
4838
5708
3914
266
3390
1768
3250
3918
9994
482
5606
7316
7590
4824
8192
5586
7222
6320
1368
3884
5892
1358
6522
2556
178
4748
6922
9834
4734
2414
3934
1304
494
8056
2138
4948
8638
26
734
214
6544
2672
4448
8406
5670
6420
9374
4818
6018
4268
2370
7292
8762
3738
1246
3432
2780
5914
5932
8278
7960
7834
1476
4152
4520
7578
2018
9798
1208
8040
8766
8884
1740
966
492
5744
5380
8160
6720
5312
7142
4560
2822
1550
7240
4048
8688
734
4130
348
6008
4340
3252
7634
2834
9608
5512
4352
2360
8402
3264
8382
874
3198
7126
9772
4840
3962
6452
7832
5488
7370
6874
5144
6544
9854
6082
426
2560
9988
2664
5506
6308
9666
2384
3842
626
6682
8754
890
7524
6034
1492
1380
4136
8750
6894
6996
60
2306
6212
2906
6864
7998
3518
6896
9562
696
1126
2296
5374
1918
872
3508
4242
126
826
2978
4444
1750
2138
3622
3240
100
7716
9786
544
9432
1384
452
4066
6782
3358
9860
5454
2902
452
2772
7474
5592
4966
9526
6064
5456
5538
6830
9138
9246
988
644
6260
8146
2496
7164
9902
1426
4276
8322
3426
2264
4446
9980
4524
6600
1712
572
2474
8646
1256
130
2454
4028
2938
7444
6898
6676
9824
6632
9480
1826
1640
7084
1926
6264
8296
4660
4520
5342
1308
6380
4966
4384
2154
2296
5512
9222
1550
8924
938
2240
452
9130
5870
6932
7054
1488
2706
9834
2298
7050
6008
4888
6556
7754
2264
7596
9252
398
3364
4830
3672
3566
2844
6396
7494
8082
9142
4812
4462
3256
3288
7696
5706
8016
5494
466
2880
5402
4406
2070
5968
7056
6432
7792
1700
5772
5840
2406
1512
1932
7302
2844
5728
56
4026
3812
9068
9948
198
5604
3106
5124
6298
7322
7316
9614
8552
4772
4602
5534
3058
8086
368
1960
4644
8854
6458
6286
9136
5218
2390
2844
6214
7976
3988
1574
2756
1844
80
7528
5888
2842
7740
5586
1948
96
9254
8018
1384
7316
9000
3666
6024
1754
8076
5228
8960
2006
9084
2398
5418
9702
7666
6652
9800
354
2606
7644
8832
7888
9264
7692
5474
1772
5480
8516
5574
8414
8460
4424
7884
552
9470
962
5412
5036
7788
978
9568
4216
6766
9508
9230
2606
1294
5440
3694
6230
82
664
9992
5692
7500
3148
1790
5036
4922
5570
6690
6490
9592
7272
3584
6376
5838
1902
6372
2480
2700
3992
2544
9384
2196
450
4546
1318
9688
5318
1940
3274
9566
4484
8128
8464
9734
4976
814
2906
2702
1252
3642
9484
5150
7516
2684
9872
2860
8932
1788
8396
7400
7122
9860
4480
7500
5022
6176
6246
4306
5280
5810
3676
5024
4352
3384
4058
8422
8198
8832
4528
7590
3924
6020
1192
6542
9954
5756
7738
6900
7106
6946
7020
2264
9782
3908
1798
7248
9154
7946
6578
2212
6348
314
9166
10
558
9460
92
8216
56
7408
3142
5666
3182
832
3146
2656
4088
3460
8618
8376
4908
8352
2044
5512
1978
3890
1246
1028
5438
1066
1808
2020
9636
6750
7946
8600
2364
7520
1802
4098
3752
7532
7816
8270
8110
1266
8534
8030
4502
6792
6390
5850
8690
9840
9984
2322
6850
5356
8422
3346
2796
778
9464
3650
3776
7720
8464
5638
8034
9124
9764
6676
622
5364
8894
8774
2314
9714
3496
56
4978
2802
5010
2478
9786
8998
732
146
4930
9450
984
2572
1866
4486
1520
2844
4258
7918
3100
2072
5730
5624
1034
2678
8186
4230
1404
2744
7242
12
4108
1802
2550
628
9166
2064
6496
9792
3626
6618
5710
9152
9352
8648
6638
7242
7832
310
9984
6746
5184
7106
4704
2622
6662
9042
808
7772
5728
6466
1816
2622
1634
5520
3108
1942
1710
4394
4044
6374
5548
1310
9116
462
132
9104
7456
5384
3244
3784
6656
5594
8734
9814
2952
7658
5110
160
5932
4498
9810
3340
778
6168
7438
1616
2476
4308
4362
9938
1600
4814
5438
7696
3634
966
6280
1924
2542
3646
8944
4642
9618
1828
4544
8484
222
7106
1896
5066
2376
1796
1444
2718
5266
6180
2284
3274
3390
3020
5986
1810
762
3072
3510
4410
6588
9610
2386
9696
8
6960
6802
7518
2832
9348
4430
9340
9662
8736
9400
9768
2018
1356
6040
8006
5972
5736
6260
3904
1320
7554
8250
6978
3844
3612
6770
5248
8566
6754
6222
7444
6854
1386
8860
6130
4542
4932
208
8516
7164
8384
9270
8920
9650
7882
6258
1280
262
3162
1348
1544
7580
8976
7172
2158
5386
5250
8516
2462
3442
1644
2612
5232
8830
8720
7026
4674
6890
3410
1626
4894
5250
2500
4318
4606
8840
3378
3146
668
6212
8482
4632
9950
162
1916
6948
7042
7086
4154
706
3190
5680
8568
1992
2336
7380
8894
6048
4526
8802
2538
390
2594
7424
2380
3044
1110
8694
7946
3118
4570
3208
7282
9386
3504
6552
4522
5770
1284
3544
5024
7196
7540
1350
6054
4618
5748
1138
1836
6976
6350
2778
9886
114
8260
5478
2622
7864
9918
504
5344
8518
4358
5466
6730
7374
308
7810
4754
7054
1128
8402
9220
1948
6110
7650
3538
5452
5952
6110
6146
1796
1882
9514
7658
8584
5326
8342
1224
6092
2956
7372
616
6058
5990
8236
3814
7560
1206
3942
7266
8142
4180
2408
1704
8450
1110
5128
7756
5180
6262
2426
1600
9252
6644
3122
4074
9330
5864
8336
1070
2814
1600
9952
9630
9888
8458
8588
3292
5690
5666
6698
8212
8890
5156
8352
4058
4684
696
3974
4488
8430
9420
6738
8858
1434
3598
1004
6090
2300
6926
7814
3542
7676
9560
7226
9850
8980
8642
1342
130
116
7014
9582
3334
9764
3520
3804
6648
3094
2902
9566
7328
5824
738
5188
4456
8066
2974
5872
6036
4878
9966
732
4374
2926
1468
1018
3768
2672
6832
5482
7712
9104
9590
370
1718
8834
7682
1118
3186
272
9980
5426
4482
7788
5980
3608
3034
9062
8538
3170
9932
3194
3776
3630
1996
9480
2526
146
3444
5732
3814
6846
1946
7840
9672
8044
3850
5638
2804
1998
8460
4012
1020
7184
8500
7532
6942
3312
8526
7616
6274
1228
796
5288
3480
9966
4412
7934
610
5028
5146
9816
8580
9938
642
7344
2056
5962
2374
2746
5998
5134
9456
576
936
540
2534
8290
8076
6950
6558
3030
2756
34
4438
5136
7482
8492
5924
8528
6638
8026
7164
7206
8686
6408
2568
5318
1706
2286
9454
6676
542
110
6832
3740
6838
6714
6222
5588
1234
9374
8336
3054
2146
1548
3134
2264
5808
1404
1920
422
2118
2894
6674
570
9966
3282
7624
7534
4220
9188
834
4526
1130
8538
7166
7620
4642
7380
3394
7750
9918
1338
8388
8112
5540
682
2444
6744
9876
3522
4220
8440
5488
6868
5072
3288
8492
1354
310
8006
9000
5474
6848
6390
8358
6196
4322
6316
5558
8534
6904
3726
954
6094
9848
6368
3300
2440
7370
6942
160
1636
8140
5236
6068
2538
8828
4534
1186
8182
8784
8760
2160
1420
4476
9144
8590
4870
6856
6980
9270
7630
7016
9320
6356
3234
9602
1626
6180
8990
8714
870
7882
872
8042
6704
962
8550
7076
3040
7788
9988
7034
5502
9060
7124
9366
2086
4794
2386
1528
9886
1296
2166
2320
3358
4594
6890
6828
1266
6016
1912
3384
4906
6410
7216
8472
7104
8862
848
5852
332
9138
8728
5398
8988
8786
8872
4256
5838
1822
9632
4930
1526
6280
782
5386
9658
7852
8492
1228
1740
4112
9662
8984
5142
7242
7904
790
5336
4342
5112
404
8248
5634
9894
356
2750
914
3360
9382
3322
434
9484
7160
7702
802
1658
8242
6846
5740
7116
3830
9844
9454
1452
234
3024
7380
1352
5540
20
816
8364
9248
226
3698
5660
1986
2524
9268
5798
9856
9890
1634
8406
6252
4494
5452
9748
7178
302
9808
2468
9144
9134
784
3544
856
2912
4418
616
4462
8988
2088
5890
1484
4966
2198
744
2182
5180
3042
786
8718
7314
8784
4862
6424
6828
7684
656
1732
9740
3980
3678
7106
1470
7920
5774
9556
452
9060
8700
3328
1796
9622
7476
2692
1372
1426
814
1448
4620
7960
6658
7506
5936
3820
1986
1102
7400
4596
7510
8030
7134
3892
9532
8564
6690
6466
5736
1882
8784
910
1336
5826
238
5364
5164
7092
2466
7942
2554
2490
8992
9640
5278
8086
9372
6414
2312
6670
6624
9478
600
6848
6710
1904
2472
3570
5484
7582
8842
4384
246
9966
812
4746
970
5478
4050
8216
7484
3522
6860
8332
5352
9578
34
2718
6202
3788
2212
5342
4502
8744
1940
6780
848
7046
2986
3660
620
7674
7352
5522
2336
6056
3490
4800
7906
954
7440
4956
7128
1422
2350
100
6912
2688
2212
6190
9852
5354
9076
5982
5050
8958
4274
5014
5196
4028
2910
2202
3490
4928
6416
9574
3862
1234
7564
4266
3450
2830
6134
34
9632
9366
408
9108
4012
4600
2368
5326
1374
3584
7722
238
9714
4658
5472
2760
3184
9574
9072
3898
1898
452
6018
7380
2636
8184
7082
6870
6464
466
4024
4334
2812
3532
1120
9308
326
418
8398
8338
6214
6340
5866
9726
2760
5298
4038
4288
9724
6042
3298
2926
1976
1250
7948
2434
9170
1218
6660
2572
5470
4542
4146
9868
2172
9214
7394
7510
4668
4572
360
1236
692
1932
1930
8972
9474
5218
9014
3304
7084
7342
7832
3538
8558
5560
758
9824
7996
5164
5324
4770
998
1482
4884
7832
7152
3880
1732
576
6736
2166
7926
9242
6384
7392
6396
1248
8498
2224
4474
6558
2838
1074
2460
9398
6620
3834
9964
6230
5704
5982
1384
3840
2852
802
9004
2802
3298
9686
7884
7182
4196
6958
8838
5012
5046
7380
4482
7706
780
5982
4024
7556
7752
9690
7998
8232
6920
1650
1160
5876
3540
5574
5530
4308
7870
5324
6740
5054
788
2354
5228
8370
8616
7098
7348
22
9446
2218
1866
3324
8990
5436
1130
7884
8102
4548
2162
9692
2590
76
6162
452
9380
4734
1740
6082
4612
86
2300
5764
9018
3482
6256
6528
8948
7630
3438
1806
1804
1634
3858
1792
1192
4664
2978
2346
122
7272
8084
5078
3326
1588
9980
3222
676
7508
7648
3214
7008
5240
1210
1670
960
9606
2458
4078
982
4938
9472
5452
4252
1784
7252
2782
9684
1740
840
2890
6720
2508
6042
5108
1302
3132
5678
8586
430
9548
5084
4846
9934
8
9366
5054
1772
7864
2674
8288
8548
6144
5858
4594
9424
1312
7856
1092
5738
7514
2016
2022
4786
2632
9452
6688
5176
9232
9456
7018
4014
5386
1790
1232
8604
8478
9036
4160
4300
9682
1176
7244
6254
4520
388
4850
7972
2838
6366
2668
4010
2698
224
7614
8474
1904
3010
8836
394
2754
2958
9536
3798
172
7108
7006
6556
6732
3894
2014
9398
2150
3794
4074
3052
7438
2928
9912
6640
7520
9890
1728
3554
7466
6772
6146
8626
3742
9594
1958
6904
3012
8452
3060
5776
1492
9550
5292
8240
434
3636
7100
4766
7774
7452
3790
5652
5208
9698
5528
8094
4220
9416
4910
2986
3814
7910
872
8828
6092
4380
4362
7602
5310
6132
3940
3648
9828
7586
5512
6134
6496
5750
7626
3130
4222
3172
7632
3388
8516
1094
8378
438
462
7988
8372
4510
2786
7188
8304
7578
3182
1312
9010
5524
270
672
5114
8070
1640
614
9246
9508
9354
9132
7638
8484
9978
8150
3372
614
3170
8426
8404
4868
6560
6434
8010
186
4792
32
2694
124
602
1718
8404
1648
7140
4894
8368
184
6612
6584
732
1698
9666
214
476
1888
298
8182
1480
3160
986
1020
8322
5634
7014
4256
6312
430
4696
8682
9132
286
9354
8664
2332
476
7550
2042
2260
1792
164
282
8098
4256
5850
1068
8414
7778
364
3168
4396
3306
3628
5200
4216
9908
2806
7986
3312
4924
3868
702
8380
5596
938
8176
8126
3196
3044
6302
7480
9880
5506
7852
4446
5784
7930
7666
3976
1512
2568
834
8020
1120
5362
5590
342
4586
7032
2990
4344
9930
2638
3728
5094
4148
9566
1670
6556
4914
4822
6930
7230
5998
5866
182
8030
2586
4146
1380
4736
8878
4954
3766
9938
6942
9242
2686
2180
9894
2620
5270
2864
796
9686
7472
8140
2292
8960
3106
6276
2458
9096
8308
6976
5384
550
9334
7118
752
2488
6926
8336
7388
6630
9058
1816
6562
6990
7826
2672
2368
9992
9430
9768
5330
300
6096
5446
1478
4738
3762
9494
2434
7862
6652
8038
3990
6532
6404
8958
3598
1152
1654
7276
58
9878
2234
4558
7412
8652
2502
82
9620
6128
5628
2952
876
7754
2258
5826
3754
5570
4814
3066
9746
3202
5176
6870
636
2612
6222
2458
6640
2712
8754
3886
2470
1814
4094
6998
1520
8708
1774
42
314
6526
4024
8642
4824
2468
1664
9454
8194
5038
4488
4924
7098
9142
8538
7560
6426
842
9672
34
8154
8670
8612
6456
2342
8960
6618
8570
6282
3232
5326
1428
186
5440
6406
4922
4442
9568
9316
8218
2274
5016
5726
7534
6068
950
4066
5506
2938
9542
6504
4004
5722
8466
9800
5512
1780
7668
9854
1504
4350
8616
7254
1718
9774
2580
3942
9742
296
4614
8946
3564
4216
5842
3872
9238
1964
4464
9680
3874
9480
4734
3164
5798
4366
272
8858
5028
1216
1186
4264
1120
4460
9980
3672
9468
8336
788
2316
3300
1972
7854
6990
9116
7344
5364
28
496
5880
5376
9932
5026
5956
1656
8370
9322
9282
5492
7766
8056
468
5354
728
5440
9794
2282
5364
4894
5036
3388
3734
6820
9600
9498
2468
3060
3206
4700
384
8516
3832
6444
7828
2346
5424
2810
2
9648
4988
3098
6218
1756
7534
8334
2800
9584
9960
144
8080
5146
3062
2650
3862
2730
5626
294
6198
1350
9502
7322
5230
4878
5688
6034
2428
6268
344
4296
1754
8460
8566
3564
9426
9212
6224
3806
7888
9984
7012
7524
1084
7334
1374
9964
5206
5932
1850
5784
2876
7474
2738
6778
2604
4506
4834
7534
1396
6902
2030
5490
1138
9916
1904
4272
2464
850
5982
860
9352
1382
6224
8746
8588
2356
7426
5666
4234
8438
7092
4818
8558
5476
8726
5640
668
672
8186
8742
8170
5288
3338
5370
6320
1838
784
4046
1552
2884
4264
2242
1484
7530
478
5864
8624
8620
2154
8624
7724
8542
8152
7372
9344
9598
8410
4160
7616
2246
8186
2494
604
8416
8300
9184
3188
118
9034
8916
5054
1050
6694
380
8746
7752
3648
1430
1654
6218
9150
8782
1420
6718
532
8892
3486
9842
6974
3218
1958
1018
3364
9740
8268
2614
8928
402
7930
4620
3406
6518
5094
3484
4878
2104
4288
8722
2392
8998
728
4984
5936
2860
5456
7720
3732
3236
2130
800
1068
4918
6314
2072
6174
7944
5554
9514
9846
7876
2740
1294
1456
1710
5778
5176
6466
1128
7646
1664
6044
6726
5792
6908
3418
9644
1758
930
4088
9030
1082
4534
688
6148
1562
7788
3736
7142
5184
3316
5766
9738
700
4900
7272
8684
3704
3576
920
5902
4316
2380
7890
2806
9754
9694
1942
2176
6984
2904
686
3526
2526
9800
7056
444
388
5606
7600
8960
8234
6124
9462
3310
2804
1152
6730
428
7412
982
1328
4152
504
6100
4286
5510
4652
7290
502
2038
1498
7058
1358
8830
6078
5886
7546
9088
5512
7370
116
4910
8582
4178
6568
5806
882
9602
1534
744
4922
5124
7942
6210
7822
4824
3238
478
9378
2166
5982
2118
6540
6014
9652
5756
9878
4996
8828
8764
8126
9606
6304
2992
7400
9612
8360
5740
4694
770
7512
4738
8698
8672
9370
5924
4246
6556
8026
3796
8736
8604
2166
7728
8178
4904
6260
7126
8884
1690
7724
7714
2398
4486
4568
7318
1456
1042
2960
6124
8568
8318
3378
7420
6564
954
7888
4
5380
8180
330
3712
5408
6878
1694
4428
242
3662
8050
2600
4800
3202
3326
6382
7832
1240
5186
612
320
938
916
8132
4188
3128
1284
9968
6094
8166
4916
5226
7434
5722
350
1144
6420
7780
9298
3750
5544
2210
2462
4800
2222
3034
1340
8158
6344
3120
420
5728
7366
6830
8300
6862
6410
2510
8728
6836
9838
5444
9546
5272
3420
7736
5990
5042
8088
1260
2810
9372
5612
5602
3902
3490
4574
3140
2882
5248
3246
7168
4806
332
6418
3078
1490
6216
3962
8130
5734
2804
2972
4384
114
9698
4046
8208
9112
1386
9176
3048
4254
7852
7614
8236
6808
8570
8392
8674
6260
3018
8984
5428
3178
1444
3528
7926
32
52
7688
346
8834
966
9036
8996
7896
4068
3182
1930
7442
6584
8060
2632
6544
4848
2118
4294
3292
9282
9890
7338
9068
5126
3020
5436
5532
6828
9852
1748
4838
5928
4256
1102
9332
1462
4466
42
6374
608
9680
5258
1528
9472
6192
1174
7698
8944
2362
1012
8716
2918
1100
6422
2684
3166
1070
592
1784
7602
3474
5810
8694
4190
4224
7358
6
8844
1326
4954
8794
5824
4024
8160
5164
1870
2874
8014
520
180
4672
3362
9772
1442
9282
18
1154
2712
4938
7282
1132
9964
6844
4396
2932
3808
4080
3016
7250
3056
7518
8722
3010
6726
5360
3264
5324
2290
5558
442
9588
3684
4210
8100
5608
9662
700
998
4656
4370
2794
8552
9364
3954
3680
8488
4160
4396
8238
8232
5172
944
5764
5182
9956
4018
7576
3590
824
6870
8438
5806
3960
6670
658
4922
1646
844
3100
8888
1378
5320
486
2398
5912
8022
9960
1912
3448
1218
4540
3750
2666
6572
9924
790
9444
8872
200
470
5244
1098
6904
1542
5490
692
3980
2446
184
2476
9108
9562
7550
2888
3808
7870
1616
5264
2022
6738
6282
6022
2474
2702
7220
5116
3744
8316
8830
7434
7006
8474
6924
9798
8886
234
2430
70
3218
5882
1418
8238
8380
6108
9214
4736
1744
4116
4074
7642
9370
9410
32
3252
4884
160
3236
3580
4932
7672
6114
9696
5836
5306
3288
2228
5488
9028
5000
8608
6968
8004
9096
4240
6920
5786
428
9772
3386
8920
8230
7004
2144
7420
2734
5194
4028
1236
7892
1824
8634
814
7474
5056
2944
4408
1220
510
2782
5308
2316
8342
8888
1034
1578
6070
7834
2726
574
4282
9662
4550
2468
6902
8090
4174
5604
5458
8706
3474
4290
9142
7466
3412
6856
6826
4828
3548
428
9818
4472
4458
1090
2914
9098
5730
3272
6204
7826
2796
286
8500
3798
5274
300
9540
3596
9790
5964
5050
812
2472
1572
2826
2824
7240
9848
6628
1204
5350
8344
8614
8488
4630
2432
2452
8824
9974
36
670
1820
9778
4202
4930
10000
5120
6540
7476
8996
7928
5572
7712
4760
7146
2682
7054
1644
7654
620
9042
6720
5546
398
1064
1544
2100
398
2524
7034
3016
3932
2562
4218
3926
8934
8086
8580
9570
9126
2590
3312
5174
8078
260
5038
5216
1334
5692
1360
1578
86
1674
5684
5106
2248
5056
6876
2464
8562
2554
8322
1238
4026
4140
5884
9148
7452
7828
3988
7640
476
6122
1786
8110
1230
2890
5248
2236
3378
7662
5342
2030
4822
6614
2816
7932
8946
1368
94
440
2044
5602
6416
4678
8002
9574
6522
774
3024
26
6762
442
9184
7780
5410
2290
4942
1192
3422
1870
908
3620
8784
9698
5928
4988
8390
608
5772
3210
5828
3774
3256
4636
3468
8850
3310
7440
7616
7904
4692
9652
2906
4298
3424
7966
1028
8298
1100
9286
2826
7484
9112
2192
9026
1144
210
8774
1430
6586
8432
4262
4800
4208
3936
8816
4756
4222
1492
6302
3280
6950
5926
2716
8284
6528
1560
3088
624
4402
8878
8308
6126
1798
6656
9546
3316
9798
7494
7592
4466
8126
7600
5530
444
7878
9404
450
4336
3474
5528
4766
6530
6964
2674
9514
7180
2566
5538
8202
4810
4322
5712
7294
4522
9920
9396
2574
3940
470
330
9982
4344
7308
6020
4968
9728
9742
138
2684
7090
4838
9418
3228
8162
3308
4414
1558
8422
4860
9448
2134
1578
1234
5910
9206
7256
2934
6248
592
8294
7218
228
3464
9880
3038
8548
204
2474
3602
5778
7866
470
7722
1726
8616
9076
5474
4758
5656
1116
6468
12
610
7600
5098
6108
9158
5806
1144
2658
8414
2160
8552
560
2156
8978
2530
8184
6890
2568
966
3122
6398
2458
1362
4732
3810
572
5152
2102
1198
2750
3076
3226
6012
2932
1162
2854
5634
1752
9546
2954
3576
9442
1118
2566
1384
3760
4016
7106
2788
5148
7884
6764
290
7748
6726
7408
8284
7806
376
4658
3494
4286
1730
7710
1694
8524
8788
4690
8484
9898
7492
608
4920
6708
3562
1768
7784
2022
1856
9136
1160
5726
6562
756
9170
1628
7088
8318
5608
4364
362
2646
3572
7804
2400
5316
1524
1104
5574
8440
864
9552
8356
5342
1288
7654
9178
7984
9696
3266
7456
5902
8616
1678
8700
9438
7094
2782
6446
3940
3620
1104
2954
216
8886
744
1130
2778
6092
6098
3406
8324
1242
8668
6724
9876
1178
878
6280
4106
7804
3698
3530
9058
2718
5176
4854
268
6444
7922
420
3722
830
732
7108
6034
4328
3848
5612
7356
1894
3904
6706
240
7248
176
3042
4228
1980
2568
848
2346
9794
9206
4882
8348
8974
5514
7228
5256
96
488
1718
3788
2592
4966
1764
598
3382
1052
3298
112
682
8842
1232
56
5726
4404
1126
1468
1314
2324
6190
7992
7256
2170
4664
892
5006
2712
8
8558
4888
6622
3602
9008
6772
9370
246
6628
6580
658
7228
4820
5780
3558
2720
7054
6790
2660
7168
1660
9024
6690
8828
7592
6836
7796
7292
2922
4314
6370
3138
6162
7376
2102
336
6580
6058
4768
7580
7808
3330
9650
8996
514
1388
946
4214
4368
7060
9260
76
5144
3928
7328
4618
6846
2066
8514
4318
3692
2696
3230
8320
3194
4864
9082
8556
9086
2532
2206
2022
8644
6820
4350
1748
9570
8426
224
9158
8966
2790
8830
5324
7952
3922
9820
8196
8138
2594
4490
3916
4014
8824
4040
6294
7448
7690
3044
6832
7976
6244
7684
6056
3322
6644
9772
9732
7022
998
3026
2742
3584
6772
7588
7020
4030
8816
6244
7414
3324
4956
1794
2912
4612
7822
4360
1170
6952
6542
9098
5810
7050
770
2454
3306
2228
324
7718
4008
5314
2144
9158
4428
9888
1334
5770
8380
1268
5466
4116
5908
3960
9356
3914
2402
1698
9878
9950
676
4462
4258
4138
5292
7488
4708
1256
116
2536
3570
5374
5118
2940
5270
7684
5418
4396
5866
7752
5316
1218
5686
6218
208
6028
4450
3096
5338
7836
9384
6834
7734
40
6712
7472
2764
1964
6240
6538
8998
4012
8076
9534
3996
7126
4748
6596
9126
288
3962
416
984
6804
1192
5996
5878
1422
3326
3802
2854
8554
7912
7734
4208
2822
8456
4826
2736
6198
5586
662
7368
2212
9056
8964
7758
1756
7138
4420
6646
2346
8718
5660
6930
546
70
5532
4584
5450
2434
8536
5646
4842
6822
5230
3150
46
8540
3434
658
3214
6980
5224
2894
5896
220
4806
2678
9462
9246
2162
9298
6232
4558
8488
2706
8690
4384
7436
8948
9780
6256
778
1702
1756
6980
8920
5056
9382
538
8846
3552
6884
220
4462
5144
2600
6816
5752
5776
8444
6722
1580
7140
3486
1372
2144
2138
6136
6666
4052
3308
9552
2654
7246
5276
3428
7422
8748
6498
32
9666
4014
7632
1554
7486
8468
5942
7738
3188
6718
326
7876
5948
3580
3698
9340
6678
2820
820
5392
1852
4100
9340
9272
1886
6614
9458
7746
346
1220
7620
5950
6986
3634
4506
4062
2988
1240
2964
5002
3492
940
824
7558
2962
1546
152
1686
3504
8762
9936
9572
1540
4414
960
1382
8506
8204
48
406
3876
410
2014
6602
1990
5720
8246
6182
6634
6010
6792
7256
2726
8912
5362
3650
7408
7738
7924
9738
2830
1940
7336
7984
5250
694
8418
3852
7662
5734
9428
3538
7048
6710
8016
7620
4964
6232
3712
8220
3508
4706
9570
7154
8868
4652
9152
4774
1844
4924
2784
8918
6560
180
726
4264
944
7220
8212
2544
9258
8428
3428
1974
2966
4282
5914
7350
4058
182
9804
822
8332
1814
9874
9580
6718
4654
8030
8006
3376
3018
6454
1332
1658
9348
8176
6316
4606
6868
3700
1188
3870
3318
5594
6156
4330
8894
4134
8972
2706
2404
2084
62
5170
6338
7770
3764
3742
4160
8282
6236
7412
4258
7330
9100
4192
5468
8086
3398
1308
1702
8554
1394
2864
6890
3080
196
5248
6044
1472
1428
5748
3406
7734
9754
9126
160
2966
9162
4002
5118
8736
8488
9894
8780
2228
3848
5324
2968
4048
6054
7670
5656
8922
598
4096
2576
7670
8006
6440
3646
2938
2150
1882
3766
4368
3150
8998
1694
5278
3698
5336
3498
7678
660
4226
7850
7274
4052
5720
6436
1854
660
1868
2834
1188
5922
6500
5922
828
4846
8926
7400
7162
7772
1282
1290
3982
2268
3562
3044
7858
9940
104
6088
2324
1046
9624
2372
284
1068
6000
9798
2022
8594
7098
3884
668
244
4244
8766
3192
9534
6358
4986
420
3964
4904
1664
4208
6086
1486
8578
8348
9828
276
9850
1254
998
5236
2330
5194
8130
8306
1346
1568
5086
4752
5714
1442
5806
6500
5672
6864
8740
4504
4548
646
3142
702
5926
8190
1764
8220
9022
7672
5262
4606
2888
3340
2610
2928
4076
2212
670
34
3040
6148
5176
4666
8516
4476
6666
9708
4380
9440
7562
946
7386
2554
5542
9710
5600
770
348
4896
4850
5712
6006
3084
1008
2852
4702
1590
9610
5342
5188
706
2066
9822
8476
1514
310
9834
9618
9854
522
1842
1456
6506
4618
7452
9286
5634
2946
8670
6418
3920
7914
3806
2588
6482
742
5412
7622
720
5666
4736
6302
7940
8118
9844
6906
2716
620
594
3204
8320
5964
9244
2938
6006
8890
1558
9746
100
6030
638
7776
8406
3788
7364
2694
7032
3202
6716
4128
3842
5280
9674
9046
8594
5528
772
9728
9860
9354
2698
4784
5248
892
6858
8064
6768
3040
4478
9032
5862
6246
4680
504
8144
6772
8960
2334
1122
1778
3176
308
9846
156
592
3204
3050
3606
3812
4600
8286
5692
3982
9382
6194
2736
4474
3640
8496
874
7496
3496
7648
152
178
1000
5850
1064
6766
1258
7564
5342
5634
1102
5338
2312
5920
3876
3538
6720
3814
7098
968
8888
1928
7488
3338
9328
6200
4698
2004
7094
5160
4782
2114
7192
3432
4226
6330
3298
9940
1632
3132
222
6434
3650
6598
4834
9186
7562
6022
4106
5454
3246
6392
4230
9004
8110
6894
6482
1752
2284
9090
806
9704
7550
3630
8226
6814
9948
2372
5530
9486
1292
2686
3578
1410
6064
1994
2310
6792
4964
906
8072
3610
1662
7644
6144
3388
9136
6412
1832
6306
1458
6500
6392
1810
448
2582
8326
1114
6060
9806
1380
8134
5666
9364
904
6448
1234
8954
8432
7946
4460
9712
3650
9958
1118
8116
6584
9378
3936
1874
6376
4012
3322
4464
5402
6350
6856
9396
3436
7088
6258
7532
620
8038
2372
4466
5960
7446
3744
3192
8550
4220
1404
6354
3462
7526
2848
3664
700
3338
610
6970
5188
9478
4190
4758
7804
4708
2820
6820
9718
6986
988
5734
230
3134
6964
8528
2356
6294
8014
9504
6056
3460
4230
4084
436
8876
2130
590
2938
7536
4586
3704
316
8268
6196
4948
8884
1762
5050
7572
5568
4716
542
6300
9254
510
8292
6460
8868
1684
1522
7702
1104
4458
3548
8150
4672
2444
1370
3682
156
2356
8534
4886
2718
7080
6642
4646
9916
2272
7578
7064
8616
5576
7246
3970
638
1886
8094
9112
7864
4432
9004
3924
9978
2712
2694
7798
8530
2786
2750
7316
3048
9292
8446
4340
8234
9640
6666
4
7174
5580
9436
7402
8868
3460
3906
5128
4698
8990
8560
9734
9130
9884
3314
2216
2164
3178
2954
6324
5538
3372
7718
486
9732
2536
7620
4010
2874
5350
2736
1692
8114
1908
5984
4576
9810
8364
4840
8454
2418
1312
3326
6948
1446
6106
1798
9700
4944
7694
3656
5046
9886
3036
4328
3676
6998
4600
3914
2764
774
492
4536
2696
7286
3834
5040
3308
9402
3164
8170
4384
6002
4552
984
9690
4534
8842
3246
1992
3262
4108
6140
1294
4866
4046
6756
6958
6680
1104
7792
4738
6162
8910
2788
8526
2526
5098
2726
7814
9918
5456
3230
8586
6020
982
7980
3230
4634
6836
8182
6684
2980
5826
2628
8802
2552
4436
6772
3668
7120
4956
904
6118
4450
